  -6.1232339957367660e-17  -7.4987989133092880e-33  -1.0000000000000000e+00
   1.2246467991473532e-16  -1.0000000000000000e+00   0.0000000000000000e+00
  -1.0000000000000000e+00  -1.2246467991473532e-16   6.1232339957367660e-17
  -6.1232339957367660e-17  -7.4987989133092880e-33  -1.0000000000000000e+00
   1.2246467991473532e-16  -1.0000000000000000e+00   0.0000000000000000e+00
  -1.0000000000000000e+00  -1.2246467991473532e-16   6.1232339957367660e-17
  -6.1230300895862769e-17  -2.2200185520180186e-05  -9.9999999975357590e-01
   1.2246535957675509e-16  -9.9999999975357590e-01   2.2200185520180186e-05
  -1.0000000000000000e+00  -1.2246400022253731e-16   6.1233019634476539e-17
  -6.1224183620823371e-17  -8.8800741971307518e-05  -9.9999999605721412e-01
   1.2246739829120675e-16  -9.9999999605721412e-01   8.8800741971307518e-05
  -1.0000000000000000e+00  -1.2246196105541189e-16   6.1235058575265091e-17
  -6.1213987860735686e-17  -1.9980166836866295e-04  -9.9999998003964641e-01
   1.2247079524324738e-16  -9.9999998003964641e-01   1.9980166836866295e-04
  -1.0000000000000000e+00  -1.2245856214178495e-16   6.1238456508098887e-17
  -6.1199713163277667e-17  -3.5520296088278387e-04  -9.9999993691542632e-01
   1.2247554907473854e-16  -9.9999993691542632e-01   3.5520296088278387e-04
  -1.0000000000000000e+00  -1.2245380302909998e-16   6.1243212980186953e-17
  -6.1181358895620634e-17  -5.5500460955706704e-04  -9.9999984598492986e-01
   1.2248165788414577e-16  -9.9999984598492986e-01   5.5500460955706704e-04
  -1.0000000000000000e+00  -1.2244768308391861e-16   6.1249327357481253e-17
  -6.1158924244851362e-17  -7.9920659371241496e-04  -9.9999968063435929e-01
   1.2248911922639828e-16  -9.9999968063435929e-01   7.9920659371241496e-04
  -1.0000000000000000e+00  -1.2244020149206139e-16   6.1256798824536095e-17
  -6.1132408218515015e-17  -1.0878088760389246e-03  -9.9999940833574952e-01
   1.2249793011270867e-16  -9.9999940833574952e-01   1.0878088760389246e-03
  -1.0000000000000000e+00  -1.2243135725878892e-16   6.1265626384327525e-17
  -6.1101809645278714e-17  -1.4208113953746221e-03  -9.9999899064697995e-01
   1.2250808701035287e-16  -9.9999899064697995e-01   1.4208113953746221e-03
  -1.0000000000000000e+00  -1.2242114920902326e-16   6.1275808858032477e-17
  -6.1067127175716019e-17  -1.7982140581712487e-03  -9.9999838321179346e-01
   1.2251958584241070e-16  -9.9999838321179346e-01   1.7982140581712487e-03
  -1.0000000000000000e+00  -1.2240957598760973e-16   6.1287344884768133e-17
  -6.1028359283212276e-17  -2.2200167286471066e-03  -9.9999753575982597e-01
   1.2253242198746699e-16  -9.9999753575982597e-01   2.2200167286471066e-03
  -1.0000000000000000e+00  -1.2239663605961948e-16   6.1300232921291401e-17
  -6.0985504264990933e-17  -2.6862192176269717e-03  -9.9999639210664892e-01
   1.2254659027927388e-16  -9.9999639210664892e-01   2.6862192176269717e-03
  -1.0000000000000000e+00  -1.2238232771069235e-16   6.1314471241658437e-17
  -6.0938560243260986e-17  -3.1968212700690989e-03  -9.9999489015382836e-01
   1.2256208500637435e-16  -9.9999489015382836e-01   3.1968212700690989e-03
  -1.0000000000000000e+00  -1.2236664904742047e-16   6.1330057936844611e-17
  -6.0887525166485610e-17  -3.7518225512793344e-03  -9.9999296188900433e-01
   1.2257889991168743e-16  -9.9999296188900433e-01   3.7518225512793344e-03
  -1.0000000000000000e+00  -1.2234959799777291e-16   6.1346990914324906e-17
  -6.0832396810772197e-17  -4.3512226318123725e-03  -9.9999053338599586e-01
   1.2259702819205557e-16  -9.9999053338599586e-01   4.3512226318123725e-03
  -1.0000000000000000e+00  -1.2233117231156117e-16   6.1365267897614851e-17
  -6.0773172781383796e-17  -4.9950209710601995e-03  -9.9998752480493414e-01
   1.2261646249775444e-16  -9.9998752480493414e-01   4.9950209710601995e-03
  -1.0000000000000000e+00  -1.2231136956094559e-16   6.1384886425772083e-17
  -6.0709850514372249e-17  -5.6832168995277731e-03  -9.9998385039243154e-01
   1.2263719493196577e-16  -9.9998385039243154e-01   5.6832168995277731e-03
  -1.0000000000000000e+00  -1.2229018714098324e-16   6.1405843852858925e-17
  -6.0642427278333048e-17  -6.4158095997960095e-03  -9.9997941848179017e-01
   1.2265921705021375e-16  -9.9997941848179017e-01   6.4158095997960095e-03
  -1.0000000000000000e+00  -1.2226762227021717e-16   6.1428137347365950e-17
  -6.0570900176282299e-17  -7.1927980861721669e-03  -9.9997413149325598e-01
   1.2268251985976520e-16  -9.9997413149325598e-01   7.1927980861721669e-03
  -1.0000000000000000e+00  -1.2224367199130716e-16   6.1451763891596682e-17
  -6.0495266147655650e-17  -8.0141811830277063e-03  -9.9996788593432617e-01
   1.2270709381899474e-16  -9.9996788593432617e-01   8.0141811830277063e-03
  -1.0000000000000000e+00  -1.2221833317170239e-16   6.1476720281013826e-17
  -6.0415521970429757e-17  -8.8799575018237778e-03  -9.9996057240011504e-01
   1.2273292883671486e-16  -9.9996057240011504e-01   8.8799575018237778e-03
  -1.0000000000000000e+00  -1.2219160250435607e-16   6.1503003123547056e-17
  -6.0331664263366168e-17  -9.7901254168244675e-03  -9.9995207557378607e-01
   1.2276001427147216e-16  -9.9995207557378607e-01   9.7901254168244675e-03
  -1.0000000000000000e+00  -1.2216347650848210e-16   6.1530608838862691e-17
  -6.0243689488378067e-17  -1.0744683039497981e-02  -9.9994227422705795e-01
   1.2278833893081005e-16  -9.9994227422705795e-01   1.0744683039497981e-02
  -1.0000000000000000e+00  -1.2213395153035444e-16   6.1559533657595465e-17
  -6.0151593953019897e-17  -1.1743628191605951e-02  -9.9993104122079202e-01
   1.2281789107049872e-16  -9.9993104122079202e-01   1.1743628191605951e-02
  -1.0000000000000000e+00  -1.2210302374414887e-16   6.1589773620542573e-17
  -6.0055373813100383e-17  -1.2786958376981123e-02  -9.9991824350567049e-01
   1.2284865839373356e-16  -9.9991824350567049e-01   1.2786958376981123e-02
  -1.0000000000000000e+00  -1.2207068915282805e-16   6.1621324577820415e-17
  -5.9955025075418862e-17  -1.3874670751993700e-02  -9.9990374212297239e-01
   1.2288062805030204e-16  -9.9990374212297239e-01   1.3874670751993700e-02
  -1.0000000000000000e+00  -1.2203694358906916e-16   6.1654182187984102e-17
  -5.9850543600625442e-17  -1.5006762094706607e-02  -9.9988739220545875e-01
   1.2291378663572073e-16  -9.9988739220545875e-01   1.5006762094706607e-02
  -1.0000000000000000e+00  -1.2200178271623551e-16   6.1688341917110271e-17
  -5.9741925106205092e-17  -1.6183228772720101e-02  -9.9986904297837420e-01
   1.2294812019034284e-16  -9.9986904297837420e-01   1.6183228772720101e-02
  -1.0000000000000000e+00  -1.2196520202939178e-16   6.1723799037843180e-17
  -5.9629165169585999e-17  -1.7404066709706050e-02  -9.9984853776057703e-01
   1.2298361419843747e-16  -9.9984853776057703e-01   1.7404066709706050e-02
  -1.0000000000000000e+00  -1.2192719685636307e-16   6.1760548628404848e-17
  -5.9512259231372506e-17  -1.8669271350632406e-02  -9.9982571396580733e-01
   1.2302025358724119e-16  -9.9982571396580733e-01   1.8669271350632406e-02
  -1.0000000000000000e+00  -1.2188776235883845e-16   6.1798585571569042e-17
  -5.9391202598702789e-17  -1.9978837625678335e-02  -9.9980040310410301e-01
   1.2305802272598361e-16  -9.9980040310410301e-01   1.9978837625678335e-02
  -1.0000000000000000e+00  -1.2184689353351903e-16   6.1837904553599951e-17
  -5.9265990448731663e-17  -2.1332759912840546e-02  -9.9977243078337641e-01
   1.2309690542488710e-16  -9.9977243078337641e-01   2.1332759912840546e-02
  -1.0000000000000000e+00  -1.2180458521331128e-16   6.1878500063155569e-17
  -5.9136617832238856e-17  -2.2731031999231554e-02  -9.9974161671116302e-01
   1.2313688493414265e-16  -9.9974161671116302e-01   2.2731031999231554e-02
  -1.0000000000000000e+00  -1.2176083206856529e-16   6.1920366390156361e-17
  -5.9003079677362888e-17  -2.4173647041070424e-02  -9.9970777469655292e-01
   1.2317794394286221e-16  -9.9970777469655292e-01   2.4173647041070424e-02
  -1.0000000000000000e+00  -1.2171562860835877e-16   6.1963497624619364e-17
  -5.8865370793461089e-17  -2.5660597522366924e-02  -9.9967071265231888e-01
   1.2322006457800941e-16  -9.9967071265231888e-01   2.5660597522366924e-02
  -1.0000000000000000e+00  -1.2166896918182749e-16   6.2007887655458606e-17
  -5.8723485875095799e-17  -2.7191875212299804e-02  -9.9963023259725325e-01
   1.2326322840330903e-16  -9.9963023259725325e-01   2.7191875212299804e-02
  -1.0000000000000000e+00  -1.2162084797954133e-16   6.2053530169251523e-17
  -5.8577419506147377e-17  -2.8767471121290234e-02  -9.9958613065872703e-01
   1.2330741641813749e-16  -9.9958613065872703e-01   2.8767471121290234e-02
  -1.0000000000000000e+00  -1.2157125903492765e-16   6.2100418648972580e-17
  -5.8427166164054097e-17  -3.0387375455771373e-02  -9.9953819707548441e-01
   1.2335260905639443e-16  -9.9953819707548441e-01   3.0387375455771373e-02
  -1.0000000000000000e+00  -1.2152019622574173e-16   6.2148546372694026e-17
  -5.8272720224179329e-17  -3.2051577571655172e-02  -9.9948621620068789e-01
   1.2339878618535799e-16  -9.9948621620068789e-01   3.2051577571655172e-02
  -1.0000000000000000e+00  -1.2146765327558453e-16   6.2197906412254390e-17
  -5.8114075964306457e-17  -3.3760065926497704e-02  -9.9942996650522664e-01
   1.2344592710452397e-16  -9.9942996650522664e-01   3.3760065926497704e-02
  -1.0000000000000000e+00  -1.2141362375546858e-16   6.2248491631895368e-17
  -5.7951227569261653e-17  -3.5512828030364263e-02  -9.9936922058130540e-01
   1.2349401054443130e-16  -9.9936922058130540e-01   3.5512828030364263e-02
  -1.0000000000000000e+00  -1.2135810108543214e-16   6.2300294686867253e-17
  -5.7784169135665001e-17  -3.7309850395395666e-02  -9.9930374514632592e-01
   1.2354301466547432e-16  -9.9930374514632592e-01   3.7309850395395666e-02
  -1.0000000000000000e+00  -1.2130107853620208e-16   6.2353308022003794e-17
  -5.7612894676810291e-17  -3.9151118484077423e-02  -9.9923330104708064e-01
   1.2359291705670424e-16  -9.9923330104708064e-01   3.9151118484077423e-02
  -1.0000000000000000e+00  -1.2124254923090616e-16   6.2407523870266703e-17
  -5.7437398127673736e-17  -4.1036616656213283e-02  -9.9915764326427037e-01
   1.2364369473462068e-16  -9.9915764326427037e-01   4.1036616656213283e-02
  -1.0000000000000000e+00  -1.2118250614683484e-16   6.2462934251260595e-17
  -5.7257673350052025e-17  -4.2966328114605053e-02  -9.9907652091736598e-01
   1.2369532414195493e-16  -9.9907652091736598e-01   4.2966328114605053e-02
  -1.0000000000000000e+00  -1.2112094211725298e-16   6.2519530969718634e-17
  -5.7073714137830071e-17  -4.4940234849440749e-02  -9.9898967726982901e-01
   1.2374778114644704e-16  -9.9898967726982901e-01   4.4940234849440749e-02
  -1.0000000000000000e+00  -1.2105784983326264e-16   6.2577305613959870e-17
  -5.6885514222378654e-17  -4.6958317581392822e-02  -9.9889684973470860e-01
   1.2380104103961769e-16  -9.9889684973470860e-01   4.6958317581392822e-02
  -1.0000000000000000e+00  -1.2099322184571618e-16   6.2636249554318416e-17
  -5.6693067278082462e-17  -4.9020555703429135e-02  -9.9879776988063351e-01
   1.2385507853553700e-16  -9.9879776988063351e-01   4.9020555703429135e-02
  -1.0000000000000000e+00  -1.2092705056718156e-16   6.2696353941545366e-17
  -5.6496366927998826e-17  -5.1126927221338686e-02  -9.9869216343821576e-01
   1.2390986776959186e-16  -9.9869216343821576e-01   5.1126927221338686e-02
  -1.0000000000000000e+00  -1.2085932827395908e-16   6.2757609705184038e-17
  -5.6295406749647302e-17  -5.3277408692974995e-02  -9.9857975030688551e-01
   1.2396538229725354e-16  -9.9857975030688551e-01   5.3277408692974995e-02
  -1.0000000000000000e+00  -1.2079004710815083e-16   6.2820007551919018e-17
  -5.6090180280930694e-17  -5.5471975166219489e-02  -9.9846024456217497e-01
   1.2402159509284747e-16  -9.9846024456217497e-01   5.5471975166219489e-02
  -1.0000000000000000e+00  -1.2071919907978295e-16   6.2883537963899913e-17
  -5.5880681026187671e-17  -5.7710600115668226e-02  -9.9833335446347249e-01
   1.2407847854832684e-16  -9.9833335446347249e-01   5.7710600115668226e-02
  -1.0000000000000000e+00  -1.2064677606898163e-16   6.2948191197040277e-17
  -5.5666902462377316e-17  -5.9993255378044660e-02  -9.9819878246226323e-01
   1.2413600447205231e-16  -9.9819878246226323e-01   5.9993255378044660e-02
  -1.0000000000000000e+00  -1.2057276982820259e-16   6.3013957279292523e-17
  -5.5448838045395941e-17  -6.2319911086342078e-02  -9.9805622521087978e-01
   1.2419414408757929e-16  -9.9805622521087978e-01   6.2319911086342078e-02
  -1.0000000000000000e+00  -1.2049717198451544e-16   6.3080826008899584e-17
  -5.5226481216526485e-17  -6.4690535602698898e-02  -9.9790537357178111e-01
   1.2425286803245508e-16  -9.9790537357178111e-01   6.4690535602698898e-02
  -1.0000000000000000e+00  -1.2041997404194280e-16   6.3148786952623799e-17
  -5.4999825409020750e-17  -6.7105095450010768e-02  -9.9774591262738077e-01
   1.2431214635702792e-16  -9.9774591262738077e-01   6.7105095450010768e-02
  -1.0000000000000000e+00  -1.2034116738385506e-16   6.3217829443954076e-17
  -5.4768864054814777e-17  -6.9563555242283331e-02  -9.9757752169044678e-01
   1.2437194852326977e-16  -9.9757752169044678e-01   6.9563555242283331e-02
  -1.0000000000000000e+00  -1.2026074327542105e-16   6.3287942581292020e-17
  -5.4533590591377678e-17  -7.2065877613729651e-02  -9.9739987431509280e-01
   1.2443224340361512e-16  -9.9739987431509280e-01   7.2065877613729651e-02
  -1.0000000000000000e+00  -1.2017869286611528e-16   6.3359115226117569e-17
  -5.4293998468694134e-17  -7.4612023146616968e-02  -9.9721263830838436e-01
   1.2449299927981792e-16  -9.9721263830838436e-01   7.4612023146616968e-02
  -1.0000000000000000e+00  -1.2009500719228243e-16   6.3431336001135408e-17
  -5.4050081156380819e-17  -7.7201950297867181e-02  -9.9701547574258131e-01
   1.2455418384182882e-16  -9.9701547574258131e-01   7.7201950297867181e-02
  -1.0000000000000000e+00  -1.2000967717975929e-16   6.3504593288402437e-17
  -5.3801832150937077e-17  -7.9835615324416020e-02  -9.9680804296803904e-01
   1.2461576418669495e-16  -9.9680804296803904e-01   7.9835615324416020e-02
  -1.0000000000000000e+00  -1.1992269364655501e-16   6.3578875227437629e-17
  -5.3549244983129990e-17  -8.2512972207336208e-02  -9.9658999062679299e-01
   1.2467770681748450e-16  -9.9658999062679299e-01   8.2512972207336208e-02
  -1.0000000000000000e+00  -1.1983404730559009e-16   6.3654169713314867e-17
  -5.3292313225514082e-17  -8.5233972574729630e-02  -9.9636096366684812e-01
   1.2473997764223856e-16  -9.9636096366684812e-01   8.5233972574729630e-02
  -1.0000000000000000e+00  -1.1974372876749454e-16   6.3730464394739671e-17
  -5.3031030500085886e-17  -8.7998565623394850e-02  -9.9612060135719760e-01
   1.2480254197295221e-16  -9.9612060135719760e-01   8.7998565623394850e-02
  -1.0000000000000000e+00  -1.1965172854346598e-16   6.3807746672110763e-17
  -5.2765390486073567e-17  -9.0806698039275199e-02  -9.9586853730359604e-01
   1.2486536452458769e-16  -9.9586853730359604e-01   9.0806698039275199e-02
  -1.0000000000000000e+00  -1.1955803704818817e-16   6.3886003695567432e-17
  -5.2495386927861731e-17  -9.3658313916694436e-02  -9.9560439946510981e-01
   1.2492840941412198e-16  -9.9560439946510981e-01   9.3658313916694436e-02
  -1.0000000000000000e+00  -1.1946264460281027e-16   6.3965222363023516e-17
  -5.2221013643051579e-17  -9.6553354676386177e-02  -9.9532781017147109e-01
   1.2499164015963095e-16  -9.9532781017147109e-01   9.6553354676386177e-02
  -1.0000000000000000e+00  -1.1936554143798801e-16   6.4045389318189127e-17
  -5.1942264530656652e-17  -9.9491758982324069e-02  -9.9503838614125995e-01
   1.2505501967941306e-16  -9.9503838614125995e-01   9.9491758982324069e-02
  -1.0000000000000000e+00  -1.1926671769698647e-16   6.4126490948580954e-17
  -5.1659133579434066e-17  -1.0247346265736004e-01  -9.9473573850094010e-01
   1.2511851029115500e-16  -9.9473573850094010e-01   1.0247346265736004e-01
  -1.0000000000000000e+00  -1.1916616343884584e-16   6.4208513383522250e-17
  -5.1371614876351590e-17  -1.0549839859767832e-01  -9.9441947280477438e-01
   1.2518207371114169e-16  -9.9441947280477438e-01   1.0549839859767832e-01
  -1.0000000000000000e+00  -1.1906386864161014e-16   6.4291442492133422e-17
  -5.1079702615190419e-17  -1.0856649668607274e-01  -9.9408918905564658e-01
   1.2524567105351378e-16  -9.9408918905564658e-01   1.0856649668607274e-01
  -1.0000000000000000e+00  -1.1895982320562013e-16   6.4375263881314489e-17
  -5.0783391105283845e-17  -1.1167768370405630e-01  -9.9374448172681529e-01
   1.2530926282957464e-16  -9.9374448172681529e-01   1.1167768370405630e-01
  -1.0000000000000000e+00  -1.1885401695686965e-16   6.4459962893720155e-17
  -5.0482674780391775e-17  -1.1483188324281102e-01  -9.9338493978462816e-01
   1.2537280894715043e-16  -9.9338493978462816e-01   1.1483188324281102e-01
  -1.0000000000000000e+00  -1.1874643965042798e-16   6.4545524605728898e-17
  -5.0177548207711136e-17  -1.1802901561298748e-01  -9.9301014671222221e-01
   1.2543626871000527e-16  -9.9301014671222221e-01   1.1802901561298748e-01
  -1.0000000000000000e+00  -1.1863708097392671e-16   6.4631933825406954e-17
  -4.9868006097022120e-17  -1.2126899775336353e-01  -9.9261968053423899e-01
   1.2549960081731474e-16  -9.9261968053423899e-01   1.2126899775336353e-01
  -1.0000000000000000e+00  -1.1852593055111299e-16   6.4719175090468536e-17
  -4.9554043309970236e-17  -1.2455174313837168e-01  -9.9221311384258226e-01
   1.2556276336320060e-16  -9.9221311384258226e-01   1.2455174313837168e-01
  -1.0000000000000000e+00  -1.1841297794546940e-16   6.4807232666233261e-17
  -4.9235654869484109e-17  -1.2787716168450600e-01  -9.9179001382324616e-01
   1.2562571383632938e-16  -9.9179001382324616e-01   1.2787716168450600e-01
  -1.0000000000000000e+00  -1.1829821266390071e-16   6.4896090543582004e-17
  -4.8912835969328865e-17  -1.3124515965561856e-01  -9.9134994228424267e-01
   1.2568840911957807e-16  -9.9134994228424267e-01   1.3124515965561856e-01
  -1.0000000000000000e+00  -1.1818162416048837e-16   6.4985732436912527e-17
  -4.8585581983795011e-17  -1.3465563956711707e-01  -9.9089245568465734e-01
   1.2575080548976979e-16  -9.9089245568465734e-01   1.3465563956711707e-01
  -1.0000000000000000e+00  -1.1806320184031315e-16   6.5076141782095981e-17
  -4.8253888477522658e-17  -1.3810850008907502e-01  -9.9041710516486237e-01
   1.2581285861748223e-16  -9.9041710516486237e-01   1.3810850008907502e-01
  -1.0000000000000000e+00  -1.1794293506334670e-16   6.5167301734435426e-17
  -4.7917751215460769e-17  -1.4160363594826650e-01  -9.8992343657791571e-01
   1.2587452356693256e-16  -9.8992343657791571e-01   1.4160363594826650e-01
  -1.0000000000000000e+00  -1.1782081314841202e-16   6.5259195166627930e-17
  -4.7577166172961391e-17  -1.4514093782913778e-01  -9.8941099052217851e-01
   1.2593575479594117e-16  -9.8941099052217851e-01   1.4514093782913778e-01
  -1.0000000000000000e+00  -1.1769682537721398e-16   6.5351804666731240e-17
  -4.7232129546008396e-17  -1.4872029227372960e-01  -9.8887930237517685e-01
   1.2599650615597798e-16  -9.8887930237517685e-01   1.4872029227372960e-01
  -1.0000000000000000e+00  -1.1757096099844015e-16   6.5445112536136585e-17
  -4.6882637761580572e-17  -1.5234158158056235e-01  -9.8832790232874279e-01
   1.2605673089229432e-16  -9.8832790232874279e-01   1.5234158158056235e-01
  -1.0000000000000000e+00  -1.1744320923193229e-16   6.5539100787548675e-17
  -4.6528687488148625e-17  -1.5600468370249920e-01  -9.8775631542546116e-01
   1.2611638164414343e-16  -9.8775631542546116e-01   1.5600468370249920e-01
  -1.0000000000000000e+00  -1.1731355927292934e-16   6.5633751142974719e-17
  -4.6170275646305752e-17  -1.5970947214360129e-01  -9.8716406159645631e-01
   1.2617541044509327e-16  -9.8716406159645631e-01   1.5970947214360129e-01
  -1.0000000000000000e+00  -1.1718200029638214e-16   6.5729045031723225e-17
  -4.5807399419531357e-17  -1.6345581585498964e-01  -9.8655065570054723e-01
   1.2623376872343446e-16  -9.8655065570054723e-01   1.6345581585498964e-01
  -1.0000000000000000e+00  -1.1704852146134064e-16   6.5824963588414585e-17
  -4.5440056265087415e-17  -1.6724357912972995e-01  -9.8591560756480456e-01
   1.2629140730268730e-16  -9.8591560756480456e-01   1.6724357912972995e-01
  -1.0000000000000000e+00  -1.1691311191541361e-16   6.5921487651004492e-17
  -4.5068243925046996e-17  -1.7107262149675628e-01  -9.8525842202654002e-01
   1.2634827640221062e-16  -9.8525842202654002e-01   1.7107262149675628e-01
  -1.0000000000000000e+00  -1.1677576079930212e-16   6.6018597758821915e-17
  -4.4691960437454357e-17  -1.7494279761384993e-01  -9.8457859897676003e-01
   1.2640432563791654e-16  -9.8457859897676003e-01   1.7494279761384993e-01
  -1.0000000000000000e+00  -1.1663645725140624e-16   6.6116274150622809e-17
  -4.4311204147616105e-17  -1.7885395715969088e-01  -9.8387563340511663e-01
   1.2645950402309396e-16  -9.8387563340511663e-01   1.7885395715969088e-01
  -1.0000000000000000e+00  -1.1649519041250643e-16   6.6214496762661436e-17
  -4.3925973719522590e-17  -1.8280594472500042e-01  -9.8314901544638700e-01
   1.2651375996934504e-16  -9.8314901544638700e-01   1.8280594472500042e-01
  -1.0000000000000000e+00  -1.1635194943051922e-16   6.6313245226780569e-17
  -4.3536268147399022e-17  -1.8679859970279214e-01  -9.8239823042851415e-01
   1.2656704128763741e-16  -9.8239823042851415e-01   1.8679859970279214e-01
  -1.0000000000000000e+00  -1.1620672346532829e-16   6.6412498868522231e-17
  -4.3142086767385448e-17  -1.9083175617775130e-01  -9.8162275892224260e-01
   1.2661929518947648e-16  -9.8162275892224260e-01   1.9083175617775130e-01
  -1.0000000000000000e+00  -1.1605950169369067e-16   6.6512236705260576e-17
  -4.2743429269344843e-17  -1.9490524281476201e-01  -9.8082207679238065e-01
   1.2667046828820086e-16  -9.8082207679238065e-01   1.9490524281476201e-01
  -1.0000000000000000e+00  -1.1591027331421930e-16   6.6612437444358440e-17
  -4.2340295708798436e-17  -1.9901888274660237e-01  -9.7999565525072307e-01
   1.2672050660040489e-16  -9.7999565525072307e-01   1.9901888274660237e-01
  -1.0000000000000000e+00  -1.1575902755244153e-16   6.6713079481349337e-17
  -4.1932686518987309e-17  -2.0317249346082894e-01  -9.7914296091066777e-01
   1.2676935554749196e-16  -9.7914296091066777e-01   2.0317249346082894e-01
  -1.0000000000000000e+00  -1.1560575366593449e-16   6.6814140898146381e-17
  -4.1520602523059468e-17  -2.0736588668587178e-01  -9.7826345584355867e-01
   1.2681695995736213e-16  -9.7826345584355867e-01   2.0736588668587178e-01
  -1.0000000000000000e+00  -1.1545044094953738e-16   6.6915599461280024e-17
  -4.1104044946381165e-17  -2.1159886827636251e-01  -9.7735659763679017e-01
   1.2686326406623827e-16  -9.7735659763679017e-01   2.1159886827636251e-01
  -1.0000000000000000e+00  -1.1529307874064131e-16   6.7017432620166143e-17
  -4.0683015428971549e-17  -2.1587123809771885e-01  -9.7642183945370553e-01
   1.2690821152063387e-16  -9.7642183945370553e-01   2.1587123809771885e-01
  -1.0000000000000000e+00  -1.1513365642455657e-16   6.7119617505406299e-17
  -4.0257516038059363e-17  -2.2018278991000861e-01  -9.7545863009532341e-01
   1.2695174537946697e-16  -9.7545863009532341e-01   2.2018278991000861e-01
  -1.0000000000000000e+00  -1.1497216343995836e-16   6.7222130927121989e-17
  -3.9827549280760663e-17  -2.2453331125111797e-01  -9.7446641406392687e-01
   1.2699380811632383e-16  -9.7446641406392687e-01   2.2453331125111797e-01
  -1.0000000000000000e+00  -1.1480858928441021e-16   6.7324949373324458e-17
  -3.9393118116876079e-17  -2.2892258331924956e-01  -9.7344463162854888e-01
   1.2703434162187615e-16  -9.7344463162854888e-01   2.2892258331924956e-01
  -1.0000000000000000e+00  -1.1464292351996684e-16   6.7428049008322302e-17
  -3.8954225971806501e-17  -2.3335038085477514e-01  -9.7239271889238832e-01
   1.2707328720645590e-16  -9.7239271889238832e-01   2.3335038085477514e-01
  -1.0000000000000000e+00  -1.1447515577885497e-16   6.7531405671168125e-17
  -3.8510876749585585e-17  -2.3781647202147119e-01  -9.7131010786219085e-01
   1.2711058560279179e-16  -9.7131010786219085e-01   2.3781647202147119e-01
  -1.0000000000000000e+00  -1.1430527576923379e-16   6.7634994874146662e-17
  -3.8063074846027796e-17  -2.4232061828716306e-01  -9.7019622651962889e-01
   1.2714617696891118e-16  -9.7019622651962889e-01   2.4232061828716306e-01
  -1.0000000000000000e+00  -1.1413327328103454e-16   6.7738791801305983e-17
  -3.7610825161990339e-17  -2.4686257430380709e-01  -9.6905049889471562e-01
   1.2718000089121159e-16  -9.6905049889471562e-01   2.4686257430380709e-01
  -1.0000000000000000e+00  -1.1395913819187964e-16   6.7842771307033636e-17
  -3.7154133116747411e-17  -2.5144208778703930e-01  -9.6787234514128717e-01
   1.2721199638770594e-16  -9.6787234514128717e-01   2.5144208778703930e-01
  -1.0000000000000000e+00  -1.1378286047308134e-16   6.7946907914679959e-17
  -3.6693004661475071e-17  -2.5605889939522025e-01  -9.6666118161458647e-01
   1.2724210191144522e-16  -9.6666118161458647e-01   2.5605889939522025e-01
  -1.0000000000000000e+00  -1.1360443019572024e-16   6.8051175815230136e-17
  -3.6227446292845005e-17  -2.6071274260800725e-01  -9.6541642095098579e-01
   1.2727025535412331e-16  -9.6541642095098579e-01   2.6071274260800725e-01
  -1.0000000000000000e+00  -1.1342383753680386e-16   6.8155548866027383e-17
  -3.5757465066725314e-17  -2.6540334360448448e-01  -9.6413747214987966e-01
   1.2729639404986755e-16  -9.6413747214987966e-01   2.6540334360448448e-01
  -1.0000000000000000e+00  -1.1324107278550483e-16   6.8260000589549033e-17
  -3.5283068611986510e-17  -2.7013042114088393e-01  -9.6282374065778453e-01
   1.2732045477921936e-16  -9.6282374065778453e-01   2.7013042114088393e-01
  -1.0000000000000000e+00  -1.1305612634947966e-16   6.8364504172237497e-17
  -3.4804265144410593e-17  -2.7489368642793016e-01  -9.6147462845467890e-01
   1.2734237377330934e-16  -9.6147462845467890e-01   2.7489368642793016e-01
  -1.0000000000000000e+00  -1.1286898876126731e-16   6.8469032463388690e-17
  -3.4321063480701254e-17  -2.7969284300784297e-01  -9.6008953414261844e-01
   1.2736208671823062e-16  -9.6008953414261844e-01   2.7969284300784297e-01
  -1.0000000000000000e+00  -1.1267965068476780e-16   6.8573557974099067e-17
  -3.3833473052592987e-17  -2.8452758663103239e-01  -9.5866785303666058e-01
   1.2737952875961508e-16  -9.5866785303666058e-01   2.8452758663103239e-01
  -1.0000000000000000e+00  -1.1248810292180141e-16   6.8678052876274505e-17
  -3.3341503921057003e-17  -2.8939760513252183e-01  -9.5720897725813303e-01
   1.2739463450741646e-16  -9.5720897725813303e-01   2.8939760513252183e-01
  -1.0000000000000000e+00  -1.1229433641874729e-16   6.8782489001702244e-17
  -3.2845166790601338e-17  -2.9430257830813689e-01  -9.5571229583027917e-01
   1.2740733804090464e-16  -9.5571229583027917e-01   2.9430257830813689e-01
  -1.0000000000000000e+00  -1.1209834227326268e-16   6.8886837841188651e-17
  -3.2344473023663188e-17  -2.9924217779049611e-01  -9.5417719477631679e-01
   1.2741757291387546e-16  -9.5417719477631679e-01   2.9924217779049611e-01
  -1.0000000000000000e+00  -1.1190011174108155e-16   6.8991070543764600e-17
  -3.1839434655090507e-17  -3.0421606692484288e-01  -9.5260305721994165e-01
   1.2742527216008032e-16  -9.5260305721994165e-01   3.0421606692484288e-01
  -1.0000000000000000e+00  -1.1169963624289346e-16   6.9095157915961080e-17
  -3.1330064406710670e-17  -3.0922390064475791e-01  -9.5098926348831136e-01
   1.2743036829887982e-16  -9.5098926348831136e-01   3.0922390064475791e-01
  -1.0000000000000000e+00  -1.1149690737130144e-16   6.9199070421156865e-17
  -3.0816375701983235e-17  -3.1426532534779239e-01  -9.4933519121754151e-01
   1.2743279334112592e-16  -9.4933519121754151e-01   3.1426532534779239e-01
  -1.0000000000000000e+00  -1.1129191689785967e-16   6.9302778179000788e-17
  -3.0298382680734272e-17  -3.1933997877106302e-01  -9.4764021546075017e-01
   1.2743247879527668e-16  -9.4764021546075017e-01   3.1933997877106302e-01
  -1.0000000000000000e+00  -1.1108465678019023e-16   6.9406250964910882e-17
  -2.9776100213969214e-17  -3.2444748986685151e-01  -9.4590370879868069e-01
   1.2742935567374823e-16  -9.4590370879868069e-01   3.2444748986685151e-01
  -1.0000000000000000e+00  -1.1087511916917850e-16   6.9509458209652509e-17
  -2.9249543918761318e-17  -3.2958747867825205e-01  -9.4412504145293841e-01
   1.2742335449950828e-16  -9.4412504145293841e-01   3.2958747867825205e-01
  -1.0000000000000000e+00  -1.1066329641624739e-16   6.9612368998998106e-17
  -2.8718730173212785e-17  -3.3475955621490983e-01  -9.4230358140187320e-01
   1.2741440531291512e-16  -9.4230358140187320e-01   3.3475955621490983e-01
  -1.0000000000000000e+00  -1.1044918108070934e-16   6.9714952073470561e-17
  -2.8183676131485162e-17  -3.3996332432889736e-01  -9.4043869449913897e-01
   1.2740243767880722e-16  -9.4043869449913897e-01   3.3996332432889736e-01
  -1.0000000000000000e+00  -1.1023276593719672e-16   6.9817175828172935e-17
  -2.7644399738896020e-17  -3.4519837559077354e-01  -9.3852974459496552e-01
   1.2738738069384706e-16  -9.3852974459496552e-01   3.4519837559077354e-01
  -1.0000000000000000e+00  -1.1001404398316903e-16   6.9919008312706683e-17
  -2.7100919747078313e-17  -3.5046429316587369e-01  -9.3657609366017058e-01
   1.2736916299412397e-16  -9.3657609366017058e-01   3.5046429316587369e-01
  -1.0000000000000000e+00  -1.0979300844649731e-16   7.0020417231181004e-17
  -2.6553255729199072e-17  -3.5576065069087820e-01  -9.3457710191294696e-01
   1.2734771276302043e-16  -9.3457710191294696e-01   3.5576065069087820e-01
  -1.0000000000000000e+00  -1.0956965279312490e-16   7.0121369942315427e-17
  -2.6001428095233917e-17  -3.6108701215070910e-01  -9.3253212794845497e-01
   1.2732295773934592e-16  -9.3253212794845497e-01   3.6108701215070910e-01
  -1.0000000000000000e+00  -1.0934397073480395e-16   7.0221833459638642e-17
  -2.5445458107293491e-17  -3.6644293175580600e-01  -9.3044052887124906e-01
   1.2729482522574274e-16  -9.3044052887124906e-01   3.6644293175580600e-01
  -1.0000000000000000e+00  -1.0911595623690714e-16   7.0321774451785480e-17
  -2.4885367894998221e-17  -3.7182795381983108e-01  -9.2830166043057227e-01
   1.2726324209736850e-16  -9.2830166043057227e-01   3.7182795381983108e-01
  -1.0000000000000000e+00  -1.0888560352631417e-16   7.0421159242894820e-17
  -2.4321180470897511e-17  -3.7724161263785672e-01  -9.2611487715854623e-01
   1.2722813481085910e-16  -9.2611487715854623e-01   3.7724161263785672e-01
  -1.0000000000000000e+00  -1.0865290709937200e-16   7.0519953813111208e-17
  -2.3752919745929099e-17  -3.8268343236508978e-01  -9.2387953251128674e-01
   1.2718942941357710e-16  -9.2387953251128674e-01   3.8268343236508978e-01
  -1.0000000000000000e+00  -1.0841786172992823e-16   7.0618123799192079e-17
  -2.3182753550226570e-17  -3.8813246722102629e-01  -9.2160359585285845e-01
   1.2714721660016075e-16  -9.2160359585285845e-01   3.8813246722102629e-01
  -1.0000000000000000e+00  -1.0818135268896399e-16   7.0715271912966058e-17
  -2.2612846571644480e-17  -3.9356796717259207e-01  -9.1929552115499480e-01
   1.2710163756877714e-16  -9.1929552115499480e-01   3.9356796717259207e-01
  -1.0000000000000000e+00  -1.0794427409125442e-16   7.0811021696129018e-17
  -2.2043218683904084e-17  -3.9898974267374721e-01  -9.1695538890457318e-01
   1.2705269390885225e-16  -9.1695538890457318e-01   3.9898974267374721e-01
  -1.0000000000000000e+00  -1.0770663420417329e-16   7.0905369809707149e-17
  -2.1473889750994191e-17  -4.0439760465704927e-01  -9.1458328070637773e-01
   1.2700038732714295e-16  -9.1458328070637773e-01   4.0439760465704927e-01
  -1.0000000000000000e+00  -1.0746844131466746e-16   7.0998312963605410e-17
  -2.0904879626478498e-17  -4.0979136454024612e-01  -9.1217927928025377e-01
   1.2694471964767747e-16  -9.1217927928025377e-01   4.0979136454024612e-01
  -1.0000000000000000e+00  -1.0722970372896809e-16   7.1089847916722358e-17
  -2.0336208152803267e-17  -4.1517083423285217e-01  -9.0974346845822285e-01
   1.2688569281169183e-16  -9.0974346845822285e-01   4.1517083423285217e-01
  -1.0000000000000000e+00  -1.0699042977230086e-16   7.1179971477063145e-17
  -1.9767895160605371e-17  -4.2053582614270751e-01  -9.0727593318155997e-01
   1.2682330887756209e-16  -9.0727593318155997e-01   4.2053582614270751e-01
  -1.0000000000000000e+00  -1.0675062778859576e-16   7.1268680501850826e-17
  -1.9199960468020763e-17  -4.2588615318251960e-01  -9.0477675949783076e-01
   1.2675757002073260e-16  -9.0477675949783076e-01   4.2588615318251960e-01
  -1.0000000000000000e+00  -1.0651030614019602e-16   7.1355971897635957e-17
  -1.8632423879993352e-17  -4.3122162877638737e-01  -9.0224603455789132e-01
   1.2668847853364015e-16  -9.0224603455789132e-01   4.3122162877638737e-01
  -1.0000000000000000e+00  -1.0626947320756655e-16   7.1441842620404453e-17
  -1.8065305187584459e-17  -4.3654206686630720e-01  -8.9968384661284906e-01
   1.2661603682563395e-16  -8.9968384661284906e-01   4.3654206686630720e-01
  -1.0000000000000000e+00  -1.0602813738900176e-16   7.1526289675683754e-17
  -1.7498624167282553e-17  -4.4184728191866157e-01  -8.9709028501098531e-01
   1.2654024742289177e-16  -8.9709028501098531e-01   4.4184728191866157e-01
  -1.0000000000000000e+00  -1.0578630710033256e-16   7.1609310118647264e-17
  -1.6932400580313665e-17  -4.4713708893068860e-01  -8.9446544019463903e-01
   1.2646111296833164e-16  -8.9446544019463903e-01   4.4713708893068860e-01
  -1.0000000000000000e+00  -1.0554399077463299e-16   7.1690901054216998e-17
  -1.6366654171952306e-17  -4.5241130343693353e-01  -8.9180940369705386e-01
   1.2637863622151990e-16  -8.9180940369705386e-01   4.5241130343693353e-01
  -1.0000000000000000e+00  -1.0530119686192610e-16   7.1771059637164573e-17
  -1.5801404670832829e-17  -4.5766974151568163e-01  -8.8912226813918527e-01
   1.2629282005857483e-16  -8.8912226813918527e-01   4.5766974151568163e-01
  -1.0000000000000000e+00  -1.0505793382888930e-16   7.1849783072210440e-17
  -1.5236671788261542e-17  -4.6291221979537134e-01  -8.8640412722647099e-01
   1.2620366747206633e-16  -8.8640412722647099e-01   4.6291221979537134e-01
  -1.0000000000000000e+00  -1.0481421015855907e-16   7.1927068614121288e-17
  -1.4672475217529268e-17  -4.6813855546098943e-01  -8.8365507574556379e-01
   1.2611118157091175e-16  -8.8365507574556379e-01   4.6813855546098943e-01
  -1.0000000000000000e+00  -1.0457003435003525e-16   7.2002913567805922e-17
  -1.4108834633224666e-17  -4.7334856626044564e-01  -8.8087520956102550e-01
   1.2601536558026722e-16  -8.8087520956102550e-01   4.7334856626044564e-01
  -1.0000000000000000e+00  -1.0432541491818450e-16   7.2077315288409021e-17
  -1.3545769690548075e-17  -4.7854207051092823e-01  -8.7806462561198406e-01
   1.2591622284141537e-16  -8.7806462561198406e-01   4.7854207051092823e-01
  -1.0000000000000000e+00  -1.0408036039334349e-16   7.2150271181403589e-17
  -1.2983300024626168e-17  -4.8371888710523975e-01  -8.7522342190875368e-01
   1.2581375681164878e-16  -8.7522342190875368e-01   4.8371888710523975e-01
  -1.0000000000000000e+00  -1.0383487932102142e-16   7.2221778702681331e-17
  -1.2421445249827182e-17  -4.8887883551811256e-01  -8.7235169752941633e-01
   1.2570797106414935e-16  -8.7235169752941633e-01   4.8887883551811256e-01
  -1.0000000000000000e+00  -1.0358898026160194e-16   7.2291835358641389e-17
  -1.1860224959076953e-17  -4.9402173581250397e-01  -8.6944955261636692e-01
   1.2559886928786380e-16  -8.6944955261636692e-01   4.9402173581250397e-01
  -1.0000000000000000e+00  -1.0334267179004472e-16   7.2360438706277188e-17
  -1.1299658723175697e-17  -4.9914740864587098e-01  -8.6651708837282138e-01
   1.2548645528737487e-16  -8.6651708837282138e-01   4.9914740864587098e-01
  -1.0000000000000000e+00  -1.0309596249558645e-16   7.2427586353261872e-17
  -1.0739766090115486e-17  -5.0425567527642434e-01  -8.6355440705928732e-01
   1.2537073298276884e-16  -8.6355440705928732e-01   5.0425567527642434e-01
  -1.0000000000000000e+00  -1.0284886098144115e-16   7.2493275958031508e-17
  -1.0180566584398603e-17  -5.0934635756936186e-01  -8.6056161198999792e-01
   1.2525170640949870e-16  -8.6056161198999792e-01   5.0934635756936186e-01
  -1.0000000000000000e+00  -1.0260137586450037e-16   7.2557505229866828e-17
  -9.6220797063567196e-18  -5.1441927800307963e-01  -8.5753880752930955e-01
   1.2512937971824347e-16  -8.5753880752930955e-01   5.1441927800307963e-01
  -1.0000000000000000e+00  -1.0235351577503258e-16   7.2620271928973121e-17
  -9.0643249314708001e-18  -5.1947425967536343e-01  -8.5448609908806183e-01
   1.2500375717476342e-16  -8.5448609908806183e-01   5.1947425967536343e-01
  -1.0000000000000000e+00  -1.0210528935638220e-16   7.2681573866558283e-17
  -8.5073217096920496e-18  -5.2451112630955676e-01  -8.5140359311990232e-01
   1.2487484315975140e-16  -8.5140359311990232e-01   5.2451112630955676e-01
  -1.0000000000000000e+00  -1.0185670526466828e-16   7.2741408904909225e-17
  -7.9510894647635699e-18  -5.2952970226070872e-01  -8.4829139711757373e-01
   1.2474264216868000e-16  -8.4829139711757373e-01   5.2952970226070872e-01
  -1.0000000000000000e+00  -1.0160777216848260e-16   7.2799774957466356e-17
  -7.3956475935430969e-18  -5.3452981252169829e-01  -8.4514961960916613e-01
   1.2460715881164478e-16  -8.4514961960916613e-01   5.3452981252169829e-01
  -1.0000000000000000e+00  -1.0135849874858738e-16   7.2856669988896361e-17
  -6.8410154653265528e-18  -5.3951128272933779e-01  -8.4197837015433152e-01
   1.2446839781320354e-16  -8.4197837015433152e-01   5.3951128272933779e-01
  -1.0000000000000000e+00  -1.0110889369761252e-16   7.2912092015163182e-17
  -6.2872124211725648e-18  -5.4447393917045328e-01  -8.3877775934046406e-01
   1.2432636401221160e-16  -8.3877775934046406e-01   5.4447393917045328e-01
  -1.0000000000000000e+00  -1.0085896571975255e-16   7.2966039103597192e-17
  -5.7342577732281193e-18  -5.4941760878794155e-01  -8.3554789877884339e-01
   1.2418106236165301e-16  -8.3554789877884339e-01   5.4941760878794155e-01
  -1.0000000000000000e+00  -1.0060872353046305e-16   7.3018509372962642e-17
  -5.1821708040549664e-18  -5.5434211918680576e-01  -8.3228890110074227e-01
   1.2403249792846779e-16  -8.3228890110074227e-01   5.5434211918680576e-01
  -1.0000000000000000e+00  -1.0035817585615673e-16   7.3069500993523189e-17
  -4.6309707659573629e-18  -5.5924729864016642e-01  -8.2900087995349947e-01
   1.2388067589337534e-16  -8.2900087995349947e-01   5.5924729864016642e-01
  -1.0000000000000000e+00  -1.0010733143389923e-16   7.3119012187105740e-17
  -4.0806768803104989e-18  -5.6413297609525104e-01  -8.2568394999655581e-01
   1.2372560155069370e-16  -8.2568394999655581e-01   5.6413297609525104e-01
  -1.0000000000000000e+00  -9.9856199011104138e-17   7.3167041227162456e-17
  -3.5313083368905081e-18  -5.6899898117935699e-01  -8.2233822689745717e-01
   1.2356728030815500e-16  -8.2233822689745717e-01   5.6899898117935699e-01
  -1.0000000000000000e+00  -9.9604787345228382e-17   7.3213586438830972e-17
  -2.9828842932049227e-18  -5.7384514420579535e-01  -8.1896382732781914e-01
   1.2340571768671674e-16  -8.1896382732781914e-01   5.7384514420579535e-01
  -1.0000000000000000e+00  -9.9353105203466515e-17   7.3258646198992787e-17
  -2.4354238738249638e-18  -5.7867129617980562e-01  -8.1556086895926028e-01
   1.2324091932036945e-16  -8.1556086895926028e-01   5.7867129617980562e-01
  -1.0000000000000000e+00  -9.9101161362445082e-17   7.3302218936329856e-17
  -1.8889461697183377e-18  -5.8347726880445117e-01  -8.1212947045929706e-01
   1.2307289095594009e-16  -8.1212947045929706e-01   5.8347726880445117e-01
  -1.0000000000000000e+00  -9.8848964607916540e-17   7.3344303131379433e-17
  -1.3434702375837824e-18  -5.8826289448648583e-01  -8.0866975148720732e-01
   1.2290163845289167e-16  -8.0866975148720732e-01   5.8826289448648583e-01
  -1.0000000000000000e+00  -9.8596523734453030e-17   7.3384897316586982e-17
  -7.9901509918619384e-19  -5.9302800634220065e-01  -8.0518183268985577e-01
