  -9.2451300000000003e-01   1.3549600000000000e-02   3.8091000000000003e-01
   9.3234100000000000e-02   9.7704400000000002e-01   1.9155200000000000e-01
  -3.6957000000000001e-01   2.1260899999999999e-01  -9.0455300000000005e-01
  -9.2451300000000003e-01   1.3549600000000000e-02   3.8091000000000003e-01
   9.3234100000000000e-02   9.7704400000000002e-01   1.9155200000000000e-01
  -3.6957000000000001e-01   2.1260899999999999e-01  -9.0455300000000005e-01
  -9.2450701746522956e-01   1.3567643556602544e-02   3.8092387774334147e-01
   9.3247711067432001e-02   9.7704697380162775e-01   1.9153020495100390e-01
  -3.6958153135197314e-01   2.1259418301655802e-01  -9.0455177111155449e-01
  -9.2448906740247760e-01   1.3621775569765439e-02   3.8096550816673741e-01
   9.3288542461679919e-02   9.7705589158805484e-01   1.9146481818133784e-01
  -3.6961612626642210e-01   2.1254973297610888e-01  -9.0454808153328448e-01
  -9.2445914243670679e-01   1.3712000068700547e-02   3.8103488284964615e-01
   9.3356588757955911e-02   9.7707074250377424e-01   1.9135583482400026e-01
  -3.6967378731838912e-01   2.1247565260898366e-01  -9.0454192252644861e-01
  -9.2441723027713119e-01   1.3838323765915159e-02   3.8113198775564366e-01
   9.3451840912800524e-02   9.7709150845580472e-01   1.9120324677075914e-01
  -3.6975451879779270e-01   2.1237194646807087e-01  -9.0453327952667206e-01
  -9.2436331371863467e-01   1.4000756052942475e-02   3.8125680322914191e-01
   9.3574286260863962e-02   9.7711816411299091e-01   1.9100704267730959e-01
  -3.6985832670669910e-01   2.1223862093232110e-01  -9.0452213214423938e-01
  -9.2429737064375528e-01   1.4199308994363377e-02   3.8140930399079787e-01
   9.3723908510401466e-02   9.7715067690502444e-01   1.9076720797049473e-01
  -3.6998521875550144e-01   2.1207568421165263e-01  -9.0450845416450631e-01
  -9.2421937402524190e-01   1.4433997320118422e-02   3.8158945913161391e-01
   9.3900687737483668e-02   9.7718900702119005e-01   1.9048372485759224e-01
  -3.7013520435800662e-01   2.1188314635325756e-01  -9.0449221354843379e-01
  -9.2412929192918369e-01   1.4704838416108633e-02   3.8179723210573269e-01
   9.4104600378924111e-02   9.7723310740884106e-01   1.9015657233766783e-01
  -3.7030829462542836e-01   2.1166101924930780e-01  -9.0447337243324533e-01
  -9.2402708751871487e-01   1.5011852313083456e-02   3.8203258072193080e-01
   9.4335619223926387e-02   9.7728292377160730e-01   1.8978572621499759e-01
  -3.7050450235928573e-01   2.1140931664605875e-01  -9.0445188713321367e-01
  -9.2391271905829919e-01   1.5355061673813937e-02   3.8229545713381374e-01
   9.4593713404452912e-02   9.7733839456734306e-01   1.8937115911456159e-01
  -3.7072384204320569e-01   2.1112805415435085e-01  -9.0442770814057860e-01
  -9.2378613991859859e-01   1.5734491778549409e-02   3.8258580782871826e-01
   9.4878848384318482e-02   9.7739945100581616e-01   1.8891284049961118e-01
  -3.7096632983362859e-01   2.1081724926150622e-01  -9.0440078012660219e-01
  -9.2364729858192995e-01   1.6150170508754096e-02   3.8290357361532684e-01
   9.5190985947012807e-02   9.7746601704615221e-01   1.8841073669131342e-01
  -3.7123198354941489e-01   2.1047692134461909e-01  -9.0437104194276607e-01
  -9.2349613864831315e-01   1.6602128329122317e-02   3.8324868960999942e-01
   9.5530084182254393e-02   9.7753800939403379e-01   1.8786481089047549e-01
  -3.7152082266035058e-01   2.1010709168523858e-01  -9.0433842662211894e-01
  -9.2333259884212193e-01   1.7090398267867898e-02   3.8362108522183086e-01
   9.5896097471281555e-02   9.7761533749866969e-01   1.8727502320135311e-01
  -3.7183286827455142e-01   2.0970778348544056e-01  -9.0430286138077665e-01
  -9.2315661301933705e-01   1.7615015895285375e-02   3.8402068413643908e-01
   9.6288976470884094e-02   9.7769790354953912e-01   1.8664133065754687e-01
  -3.7216814312476110e-01   2.0927902188528760e-01  -9.0426426761958700e-01
  -9.2296811017541114e-01   1.8176019300578890e-02   3.8444740429849394e-01
   9.6708668096181380e-02   9.7778560247292201e-01   1.8596368724999096e-01
  -3.7252667155354285e-01   2.0882083398167253e-01  -9.0422256092596554e-01
  -9.2276701445375520e-01   1.8773449066955338e-02   3.8490115789299278e-01
   9.7155115502151765e-02   9.7787832192822732e-01   1.8524204395703830e-01
  -3.7290847949736250e-01   2.0833324884854537e-01  -9.0417765107590853e-01
  -9.2255324515485027e-01   1.9407348244977196e-02   3.8538185132529423e-01
   9.7628258063919907e-02   9.7797594230412965e-01   1.8447634877664826e-01
  -3.7331359446955803e-01   2.0781629755851777e-01  -9.0412944203619672e-01
  -9.2232671674599476e-01   2.0077762324170825e-02   3.8588938519991900e-01
   9.8128031355807804e-02   9.7807833671452693e-01   1.8366654676068112e-01
  -3.7374204554219542e-01   2.0727001320584387e-01  -9.0407783196679825e-01
  -9.2208733887169714e-01   2.0784739202885757e-02   3.8642365429812731e-01
   9.8654367129156678e-02   9.7818537099433323e-01   1.8281258005130568e-01
  -3.7419386332680576e-01   2.0669443093077275e-01  -9.0402271322347805e-01
  -9.2183501636471987e-01   2.1528329156400055e-02   3.8698454755428530e-01
   9.9207193288926396e-02   9.7829690369511857e-01   1.8191438791952494e-01
  -3.7466907995400217e-01   2.0608958794526935e-01  -9.0396397236062997e-01
  -9.2156964925779017e-01   2.2308584803266172e-02   3.8757194803103151e-01
   9.9786433869081009e-02   9.7841278608061355e-01   1.8097190680582767e-01
  -3.7516772905197177e-01   2.0545552356009975e-01  -9.0390149013434162e-01
  -9.2129113279598185e-01   2.3125561069892716e-02   3.8818573289325597e-01
   1.0039200900676742e-01   9.7853286212209212e-01   1.7998507036297043e-01
  -3.7568984572384045e-01   2.0479227921327600e-01  -9.0383514150570221e-01
  -9.2099935744978434e-01   2.3979315153355746e-02   3.8882577338090507e-01
   1.0102383491529668e-01   9.7865696849364980e-01   1.7895380950089823e-01
  -3.7623546652390671e-01   2.0409989849985716e-01  -9.0376479564436984e-01
  -9.2069420892886644e-01   2.4869906482434447e-02   3.8949193478062544e-01
   1.0168182385593609e-01   9.7878493456739457e-01   1.7787805243381019e-01
  -3.7680462943273918e-01   2.0337842720310020e-01  -9.0369031593241023e-01
  -9.2037556819654975e-01   2.5797396676864693e-02   3.9018407639626224e-01
   1.0236588410852242e-01   9.7891658240856805e-01   1.7675772472937765e-01
  -3.7739737383113681e-01   2.0262791332695734e-01  -9.0361155996842180e-01
  -9.2004331148500229e-01   2.6761849504804619e-02   3.9090205151822588e-01
   1.0307591994090520e-01   9.7905172677061691e-01   1.7559274936012212e-01
  -3.7801374047294606e-01   2.0184840712991325e-01  -9.0352837957196142e-01
  -9.1969731031116653e-01   2.7763330838505299e-02   3.9164570739174415e-01
   1.0381183157723167e-01   9.7919017509023376e-01   1.7438304675696115e-01
  -3.7865377145673002e-01   2.0103996116015707e-01  -9.0344062078828791e-01
  -9.1933743149343483e-01   2.8801908608180639e-02   3.9241488518401446e-01
   1.0457351516508284e-01   9.7933172748238617e-01   1.7312853486492960e-01
  -3.7931751019628773e-01   2.0020263029208335e-01  -9.0334812389343833e-01
  -9.1896353716908630e-01   2.9877652754068836e-02   3.9320941995027653e-01
   1.0536086274147360e-01   9.7947617673535903e-01   1.7182912920108528e-01
  -3.8000500139001758e-01   1.9933647176411565e-01  -9.0325072339965529e-01
  -9.1857548481249929e-01   3.0990635176679247e-02   3.9402914059881916e-01
   1.0617376219772716e-01   9.7962330830582811e-01   1.7048474291460636e-01
  -3.8071629098912063e-01   1.9844154521784629e-01  -9.0314824806118044e-01
  -9.1817312725415579e-01   3.2140929685216854e-02   3.9487386985494399e-01
   1.0701209724323750e-01   9.7977290031399178e-01   1.6909528684909006e-01
  -3.8145142616463951e-01   1.9751791273848546e-01  -9.0304052088043596e-01
  -9.1775631270045144e-01   3.3328611944177633e-02   3.9574342422390257e-01
   1.0787574736813176e-01   9.7992472353878046e-01   1.6766066960706119e-01
  -3.8221045527332825e-01   1.9656563889661269e-01  -9.0292735911460920e-01
  -9.1732488475432827e-01   3.4553759418106879e-02   3.9663761395282809e-01
   1.0876458780484641e-01   9.8007854141317197e-01   1.6618079761669885e-01
  -3.8299342782234858e-01   1.9558479079122315e-01  -9.0280857428266303e-01
  -9.1687868243674731e-01   3.5816451314513310e-02   3.9755624299168296e-01
   1.0967848948863100e-01   9.8023411001963745e-01   1.6465557520079152e-01
  -3.8380039443278668e-01   1.9457543809406094e-01  -9.0268397217278951e-01
  -9.1641754020901556e-01   3.7116768524931128e-02   3.9849910895324298e-01
   1.1061731901699369e-01   9.8039117808574106e-01   1.6308490464792907e-01
  -3.8463140680198743e-01   1.9353765309523141e-01  -9.0255335285032967e-01
  -9.1594128799598717e-01   3.8454793564122410e-02   3.9946600307214014e-01
   1.1158093860810364e-01   9.8054948697992517e-01   1.6146868628594083e-01
  -3.8548651766469910e-01   1.9247151075008423e-01  -9.0241651066617845e-01
  -9.1544975121015648e-01   3.9830610507411490e-02   4.0045671016298923e-01
   1.1256920605816594e-01   9.8070877070750484e-01   1.5980681855759032e-01
  -3.8636578075302491e-01   1.9137708872735762e-01  -9.0227323426569972e-01
  -9.1494275077665899e-01   4.1244304926144212e-02   4.0147100857761869e-01
   1.1358197469778453e-01   9.8086875590690359e-01   1.5809919809853495e-01
  -3.8726925075517615e-01   1.9025446745857585e-01  -9.0212330659817019e-01
  -9.1442010315920230e-01   4.2695963821263047e-02   4.0250867016143427e-01
   1.1461909334733054e-01   9.8102916184615652e-01   1.5634571981756157e-01
  -3.8819698327302093e-01   1.8910373018868906e-01  -9.0196650492678032e-01
  -9.1388162038694365e-01   4.4185675554990846e-02   4.0356946020893736e-01
   1.1568040627133221e-01   9.8118970041971409e-01   1.5454627697910639e-01
  -3.8914903477842433e-01   1.8792496302794642e-01  -9.0180260083920971e-01
  -9.1332711008233525e-01   4.5713529780614548e-02   4.0465313741842635e-01
   1.1676575313190475e-01   9.8135007614557590e-01   1.5270076128807056e-01
  -3.9012546256837438e-01   1.8671825500499209e-01  -9.0163136025880763e-01
  -9.1275637548995747e-01   4.7279617370360905e-02   4.0575945384590767e-01
   1.1787496894123863e-01   9.8150998616278706e-01   1.5080906297693977e-01
  -3.9112632471888825e-01   1.8548369812117285e-01  -9.0145254345639947e-01
  -9.1216921550635910e-01   4.8884030341356008e-02   4.0688815485824353e-01
   1.1900788401316424e-01   9.8166912022932995e-01   1.4887107089521895e-01
  -3.9215168003769446e-01   1.8422138740604674e-01  -9.0126590506274673e-01
  -9.1156542471092739e-01   5.0526861779660537e-02   4.0803897908556591e-01
   1.2016432391381347e-01   9.8182716072044451e-01   1.4688667260119101e-01
  -3.9320158801568478e-01   1.8293142097408069e-01  -9.0107119408168579e-01
  -9.1094479339780965e-01   5.2208205762372263e-02   4.0921165837298562e-01
   1.2134410941139777e-01   9.8198378262741193e-01   1.4485575445601054e-01
  -3.9427610877713121e-01   1.8161390008252554e-01  -9.0086815390397323e-01
  -9.1030710760890410e-01   5.3928157277788200e-02   4.1040591773162705e-01
   1.2254705642512308e-01   9.8213865355683594e-01   1.4277820172014077e-01
  -3.9537530302866275e-01   1.8026892919045570e-01  -9.0065652232186333e-01
  -9.0965214916794934e-01   5.5686812143617703e-02   4.1162147528901949e-01
   1.2377297597326388e-01   9.8229143373045991e-01   1.4065389865214536e-01
  -3.9649923200699672e-01   1.7889661601896040e-01  -9.0043603154444829e-01
  -9.0897969571572812e-01   5.7484266923238894e-02   4.1285804223887757e-01
   1.2502167412041759e-01   9.8244177598555371e-01   1.3848272860984329e-01
  -3.9764795742541947e-01   1.7749707161247355e-01  -9.0020640821378795e-01
  -9.0828952074641256e-01   5.9320618839990569e-02   4.1411532279030244e-01
   1.2629295192396195e-01   9.8258932577590985e-01   1.3626457415383697e-01
  -3.9882154141901172e-01   1.7607041040122801e-01  -8.9996737342185773e-01
  -9.0758139364507417e-01   6.1195965689491094e-02   4.1539301411643892e-01
   1.2758660537973923e-01   9.8273372117348790e-01   1.3399931715342345e-01
  -4.0002004648861272e-01   1.7461675026481957e-01  -8.9971864272834701e-01
  -9.0685507972637891e-01   6.3110405749977311e-02   4.1669080630262190e-01
   1.2890242536699048e-01   9.8287459287074341e-01   1.3168683889489727e-01
  -4.0124353544351937e-01   1.7313621259686690e-01  -8.9945992617933479e-01
  -9.0611034027449666e-01   6.5064037690655468e-02   4.1800838229404824e-01
   1.3024019759256514e-01   9.8301156418368529e-01   1.2932702019225473e-01
  -4.0249207134291487e-01   1.7162892237075053e-01  -8.9919092832687719e-01
  -9.0534693258424570e-01   6.7056960478056565e-02   4.1934541784301022e-01
   1.3159970253443062e-01   9.8314425105569936e-01   1.2691974150030874e-01
  -4.0376571743602130e-01   1.7009500820641607e-01  -8.9891134824953511e-01
  -9.0456461000349864e-01   6.9089273280389163e-02   4.2070158145572745e-01
   1.3298071538450820e-01   9.8327226206218210e-01   1.2446488303022218e-01
  -4.0506453710097351e-01   1.6853460243822491e-01  -8.9862087957387515e-01
  -9.0376312197687458e-01   7.1161075369882296e-02   4.2207653433881642e-01
   1.3438300599086231e-01   9.8339519841602419e-01   1.2196232486746934e-01
  -4.0638859378240755e-01   1.6694784118383482e-01  -8.9831921049697805e-01
  -9.0294221409074393e-01   7.3272466023111757e-02   4.2346993034543567e-01
   1.3580633879926979e-01   9.8351265397399146e-01   1.1941194709223352e-01
  -4.0773795092776088e-01   1.6533486441409390e-01  -8.9800602380998473e-01
  -9.0210162811956973e-01   7.5423544419302893e-02   4.2488141592114692e-01
   1.3725047279419747e-01   9.8362421524404209e-01   1.1681362990224808e-01
  -4.0911267192227929e-01   1.6369581602392855e-01  -8.9768099692271497e-01
  -9.0124110207361596e-01   7.7614409536603535e-02   4.2631063004953385e-01
   1.3871516143921808e-01   9.8372946139362893e-01   1.1416725373809045e-01
  -4.1051282002272627e-01   1.6203084390420752e-01  -8.9734380188939467e-01
  -9.0036037024804227e-01   7.9845160046321126e-02   4.2775720419761898e-01
   1.4020015261689212e-01   9.8382796425903107e-01   1.1147269941093405e-01
  -4.1193845828979175e-01   1.6034010001456239e-01  -8.9699410543552205e-01
  -8.9945916327341990e-01   8.2115894205117709e-02   4.2922076226112282e-01
   1.4170518856814754e-01   9.8391928835576026e-01   1.0872984823276786e-01
  -4.1338964951919538e-01   1.5862374045714417e-01  -8.9663156898591267e-01
  -8.9853720816768967e-01   8.4426709745157646e-02   4.3070092050960862e-01
   1.4323000583118814e-01   9.8400299089009180e-01   1.0593858214908869e-01
  -4.1486645617148166e-01   1.5688192555129621e-01  -8.9625584869395636e-01
  -8.9759422838959257e-01   8.6777703762202715e-02   4.3219728753155684e-01
   1.4477433517996188e-01   9.8407862177176353e-01   1.0309878387407245e-01
  -4.1636894030050331e-01   1.5511481990912085e-01  -8.9586659547212177e-01
  -8.9662994389359962e-01   8.9168972601649216e-02   4.3370946417941680e-01
   1.4633790156222282e-01   9.8414572362789754e-01   1.0021033702823186e-01
  -4.1789716348058886e-01   1.5332259251191929e-01  -8.9546345502374802e-01
  -8.9564407118636868e-01   9.1600611742503668e-02   4.3523704351467984e-01
   1.4792042403721917e-01   9.8420383181818882e-01   9.7273126278563785e-02
  -4.1945118673239373e-01   1.5150541678748103e-01  -8.9504606787615759e-01
  -8.9463632338475663e-01   9.4072715679291763e-02   4.3677961075302391e-01
   1.4952161571304262e-01   9.8425247445141273e-01   9.4287037481193159e-02
  -4.2103107044742977e-01   1.4966347068820002e-01  -8.9461406941512989e-01
  -8.9360641027541499e-01   9.6585377801897604e-02   4.3833674320957722e-01
   1.5114118368367344e-01   9.8429117240330477e-01   9.1251957826517113e-02
  -4.2263687431127217e-01   1.4779693676999339e-01  -8.9416708992077332e-01
  -8.9255403837599678e-01   9.9138690273330193e-02   4.3990801024435094e-01
   1.5277882896575737e-01   9.8431943933585964e-01   8.8167775986852409e-02
  -4.2426865722544216e-01   1.4590600227199813e-01  -8.9370475460483401e-01
  -8.9147891099800469e-01   1.0173274390541331e-01   4.4149297320789144e-01
   1.5443424643515172e-01   9.8433678171810657e-01   8.5034382266591726e-02
  -4.2592647722796195e-01   1.4399085919702007e-01  -8.9322668364948099e-01
  -8.9038072831130854e-01   1.0436762803239813e-01   4.4309118538720427e-01
   1.5610712476327723e-01   9.8434269884841064e-01   8.1851668754868767e-02
  -4.2761039141258239e-01   1.4205170439270923e-01  -8.9273249224760620e-01
  -8.8925918741035992e-01   1.0704343038249532e-01   4.4470219195200256e-01
   1.5779714635331490e-01   9.8433668287835585e-01   7.8619529480736555e-02
  -4.2932045584668144e-01   1.4008873963343460e-01  -8.9222179064468110e-01
  -8.8811398238213568e-01   1.0976023694732651e-01   4.4632552990133328e-01
   1.5950398727628726e-01   9.8431821883826476e-01   7.5337860570859005e-02
  -4.3105672548783186e-01   1.3810217170282996e-01  -8.9169418418220681e-01
  -8.8694480437583711e-01   1.1251813184929363e-01   4.4796072801063735e-01
   1.6122731720706335e-01   9.8428678466440800e-01   7.2006560409717563e-02
  -4.3281925409903965e-01   1.3609221247698317e-01  -8.9114927334280347e-01
  -8.8575134167437541e-01   1.1531719720686716e-01   4.4960730677929783e-01
   1.6296679936032993e-01   9.8424185122796126e-01   6.8625529802331553e-02
  -4.3460809416265095e-01   1.3405907900823907e-01  -8.9058665379697521e-01
  -8.8453327976767238e-01   1.1815751299779262e-01   4.5126477837873424e-01
   1.6472209042656896e-01   9.8418288236576601e-01   6.5194672139493065e-02
  -4.3642329679292996e-01   1.3200299360958623e-01  -8.9000591645159433e-01
  -8.8329030142780574e-01   1.2103915692021797e-01   4.5293264660110205e-01
   1.6649284050808702e-01   9.8410933491295138e-01   6.1713893565513378e-02
  -4.3826491164730708e-01   1.2992418393959548e-01  -8.8940664750014697e-01
  -8.8202208678602978e-01   1.2396220425174252e-01   4.5461040680865383e-01
   1.6827869305513707e-01   9.8402065873747480e-01   5.8183103148480020e-02
  -4.4013298683629931e-01   1.2782288308788026e-01  -8.8878842847478190e-01
  -8.8072831341169844e-01   1.2692672770639102e-01   4.5629754588382432e-01
   1.7007928480218013e-01   9.8391629677663839e-01   5.4602213053019849e-02
  -4.4202756883210420e-01   1.2569932966104480e-01  -8.8815083630020364e-01
  -8.7940865639312371e-01   1.2993279728951596e-01   4.5799354218010074e-01
   1.7189424570433146e-01   9.8379568507564508e-01   5.0971138715564773e-02
  -4.4394870237587053e-01   1.2355376786908646e-01  -8.8749344334945612e-01
  -8.7806278842039620e-01   1.3298048015063202e-01   4.5969786547373898e-01
   1.7372319887403728e-01   9.8365825282824870e-01   4.7289799022115636e-02
  -4.4589643038364635e-01   1.2138644761221896e-01  -8.8681581750163607e-01
  -8.7669037987019860e-01   1.3606984043418818e-01   4.6140997691639046e-01
   1.7556576051803013e-01   9.8350342241956157e-01   4.3558116488496501e-02
  -4.4787079385100970e-01   1.1919762456808014e-01  -8.8611752220158180e-01
  -8.7529109889264189e-01   1.3920093912828296e-01   4.6312932898870401e-01
   1.7742153987461190e-01   9.8333060947107997e-01   3.9776017443094058e-02
  -4.4987183175638512e-01   1.1698756027928835e-01  -8.8539811652158174e-01
  -8.7386461150015282e-01   1.4237383391132913e-01   4.6485536545496814e-01
   1.7929013915131256e-01   9.8313922288798883e-01   3.5943432212073911e-02
  -4.5189958096304866e-01   1.1475652224131067e-01  -8.8465715522514476e-01
  -8.7241058165844321e-01   1.4558857899667635e-01   4.6658752131885983e-01
   1.8117115346297655e-01   9.8292866490880793e-01   3.2060295307063003e-02
  -4.5395407611982874e-01   1.1250478399060390e-01  -8.8389418883287763e-01
  -8.7092867137958918e-01   1.4884522497519947e-01   4.6832522278036837e-01
   1.8306417077032691e-01   9.8269833115744165e-01   2.8126545615290016e-02
  -4.5603534956050684e-01   1.1023262519299082e-01  -8.8310876369051317e-01
  -8.6941854081725090e-01   1.5214381865586191e-01   4.7006788719396353e-01
   1.8496877181906046e-01   9.8244761069769748e-01   2.4142126592171215e-02
  -4.5814343120192297e-01   1.0794033173222956e-01  -8.8230042203913606e-01
  -8.6787984836405918e-01   1.5548440290426496e-01   4.7181492302807587e-01
   1.8688453007952663e-01   9.8217588609033257e-01   2.0106986456329357e-02
  -4.6027834844079579e-01   1.0562819579873756e-01  -8.8146870208764716e-01
  -8.6631225075120233e-01   1.5886701647919438e-01   4.7356572982596257e-01
   1.8881101168704509e-01   9.8188253345269760e-01   1.6021078387031873e-02
  -4.6244012604926132e-01   1.0329651597842576e-01  -8.8061313808751507e-01
  -8.6471540315023676e-01   1.6229169386717612e-01   4.7531969816802944e-01
   1.9074777538291665e-01   9.8156692252103994e-01   1.1884360724033455e-02
  -4.6462878606913971e-01   1.0094559734160172e-01  -8.7973326040985766e-01
  -8.6308895927715301e-01   1.6575846511505543e-01   4.7707620963568376e-01
   1.9269437245618432e-01   9.8122841671552985e-01   7.6967971698063131e-03
  -4.6684434770493949e-01   9.8575751531896849e-02  -8.7882859562489990e-01
  -8.6143257149872487e-01   1.6926735566061404e-01   4.7883463677678928e-01
   1.9465034668620210e-01   9.8086637320807735e-01   3.4583569941409875e-03
  -4.6908682721560652e-01   9.6187296855172494e-02  -8.7789866658385252e-01
  -8.5974589094116916e-01   1.7281838616124059e-01   4.8059434307280319e-01
   1.9661523428606881e-01   9.8048014299300568e-01  -8.3098475890228118e-04
  -4.7135623780503039e-01   9.3780558368359690e-02  -8.7694299250325791e-01
  -8.5802856760114199e-01   1.7641157232067173e-01   4.8235468290766631e-01
   1.9858856384698775e-01   9.8006907096064499e-01  -5.1712470617113482e-03
  -4.7365258951131695e-01   9.1355867968184484e-02  -8.7596108905184733e-01
  -8.5628025045910316e-01   1.8004692471382211e-01   4.8411500153852915e-01
   2.0056985628361135e-01   9.7963249597391622e-01  -9.5624426915311700e-03
  -4.7597588909483918e-01   8.8913564479730728e-02  -8.7495246843995544e-01
  -8.5450058759507108e-01   1.8372444860972270e-01   4.8587463506838818e-01
   2.0255862478043310e-01   9.7916975094796854e-01  -1.4004578016588221e-02
  -4.7832613992507989e-01   8.6453993744791652e-02  -8.7391663951153864e-01
  -8.5268922630679722e-01   1.8744414379258800e-01   4.8763291042071472e-01
   2.0455437473928861e-01   9.7868016293293958e-01  -1.8497652779954576e-02
  -4.8070334186627822e-01   8.3977508709958987e-02  -8.7285310783884040e-01
  -8.5084581323038477e-01   1.9120600438103413e-01   4.8938914531615552e-01
   2.0655660372802953e-01   9.7816305319990615e-01  -2.3041659881178345e-02
  -4.8310749116189422e-01   8.1484469514398888e-02  -8.7176137581975144e-01
  -8.4896999446337984e-01   1.9501001864547166e-01   4.9114264825138815e-01
   2.0856480143043493e-01   9.7761773733009172e-01  -2.7636585155709492e-02
  -4.8553858031790725e-01   7.8975243577261434e-02  -8.7064094277790716e-01
  -8.4706141569035531e-01   1.9885616882369750e-01   4.9289271848021221e-01
   2.1057844959742539e-01   9.7704352530739835e-01  -3.2282407152150250e-02
  -4.8799659798496331e-01   7.6450205684669842e-02  -8.6949130506557037e-01
  -8.4511972231101973e-01   2.0274443093471203e-01   4.9463864599696211e-01
   2.1259702199964642e-01   9.7643972161433279e-01  -3.6979096907361592e-02
  -4.9048152883938789e-01   7.3909738076235271e-02  -8.6831195616934220e-01
  -8.4314455957086587e-01   2.0667477459078970e-01   4.9637971152232507e-01
   2.1461998438148916e-01   9.7580562533139314e-01  -4.1726617719460152e-02
  -4.9299335346308315e-01   7.1354230531040702e-02  -8.6710238681874707e-01
  -8.4113557269439132e-01   2.1064716280783147e-01   4.9811518649165032e-01
   2.1664679441661616e-01   9.7514053023998537e-01  -4.6524924918739635e-02
  -4.9553204822232666e-01   6.8784080453036384e-02  -8.6586208509773632e-01
  -8.3909240702090948e-01   2.1466155181403002e-01   4.9984433304583664e-01
   2.1867690166506257e-01   9.7444372492893716e-01  -5.1373965636554303e-02
  -4.9809758514549141e-01   6.6199692955789091e-02  -8.6459053655915363e-01
  -8.3701470814297263e-01   2.1871789085688098e-01   5.0156640402488584e-01
   2.2070974753198319e-01   9.7371449290467837e-01  -5.6273678572204583e-02
  -5.0068993179971044e-01   6.3601480946525346e-02  -8.6328722434220861e-01
  -8.3490212204743142e-01   2.2281612200857190e-01   5.0328064296421138e-01
   2.2274476522811706e-01   9.7295211270515569e-01  -6.1223993757862943e-02
  -5.0330905116650215e-01   6.0989865209407856e-02  -8.6195162929299973e-01
  -8.3275429525915223e-01   2.2695617996978651e-01   5.0498628409379132e-01
   2.2478137973204176e-01   9.7215585801754967e-01  -6.6224832321585603e-02
  -5.0595490151638511e-01   5.8365274487983565e-02  -8.6058323008813309e-01
  -8.3057087498740811e-01   2.3113799187196021e-01   5.0668255234025672e-01
   2.2681900775429203e-01   9.7132499779986392e-01  -7.1276106248453791e-02
  -5.0862743628250207e-01   5.5728145566739967e-02  -8.5918150336147725e-01
  -8.2835150927496803e-01   2.3536147707802607e-01   5.0836866333200692e-01
   2.2885705770341652e-01   9.7045879640645316e-01  -7.6377718139890804e-02
  -5.1132660393327911e-01   5.3078923351705887e-02  -8.5774592383409876e-01
  -8.2609584714990025e-01   2.3962654698169183e-01   5.1004382340744436e-01
   2.3089492965404892e-01   9.6955651371755747e-01  -8.1529560971205728e-02
  -5.1405234784414655e-01   5.0418060950029736e-02  -8.5627596444741960e-01
  -8.2380353878010759e-01   2.4393310480529040e-01   5.1170722962642246e-01
   2.3293201531706989e-01   9.6861740527291340e-01  -8.6731517847413259e-02
  -5.1680460616834734e-01   4.7746019748471202e-02  -8.5477109649963956e-01
  -8.2147423563061395e-01   2.4828104539624768e-01   5.1335806978500043e-01
   2.3496769801193743e-01   9.6764072240950572e-01  -9.1983461757383395e-02
  -5.1958331170686323e-01   4.5063269490735997e-02  -8.5323078978546341e-01
  -8.1910759062361460e-01   2.5267025502221419e-01   5.1499552243360114e-01
   2.3700135264126407e-01   9.6662571240353146e-01  -9.7285255326377246e-02
  -5.2238839177748475e-01   4.2370288353585722e-02  -8.5165451273917514e-01
  -8.1670325830130863e-01   2.5710061116490796e-01   5.1661875689866565e-01
   2.3903234566772133e-01   9.6557161861663876e-01  -1.0263675056702687e-01
  -5.2521976808306048e-01   3.9667563021652474e-02  -8.5004173258109672e-01
  -8.1426089499152510e-01   2.6157198231271966e-01   5.1822693330790526e-01
   2.4106003509335078e-01   9.6447768064651063e-01  -1.0803778862881813e-01
  -5.2807735657895194e-01   3.6955588760886032e-02  -8.4839191546747572e-01
  -8.1178015897615841e-01   2.6608422775212909e-01   5.1981920261924408e-01
   2.4308377044136409e-01   9.6334313448185838e-01  -1.1348819954613990e-01
  -5.3096106733973225e-01   3.4234869490562064e-02  -8.4670452664383578e-01
  -8.0926071066242200e-01   2.7063719735799108e-01   5.2139470665355270e-01
   2.4510289274051386e-01   9.6216721266188943e-01  -1.1898780198496589e-01
  -5.3387080442515922e-01   3.1505917853775600e-02  -8.4497903060182944e-01
  -8.0670221275693399e-01   2.7523073138274212e-01   5.2295257813127349e-01
   2.4711673451211910e-01   9.6094914444031854e-01  -1.2453640298823368e-01
  -5.3680646574546076e-01   2.8769255286346496e-02  -8.4321489123963345e-01
  -8.0410433044264285e-01   2.7986466024458878e-01   5.2449194071303318e-01
   2.4912461975982908e-01   9.5968815595398183e-01  -1.3013379771999375e-01
  -5.3976794292596841e-01   2.6025412084058341e-02  -8.4141157202591932e-01
  -8.0146673155860204e-01   2.8453880431473649e-01   5.2601190904434625e-01
   2.5112586396221032e-01   9.5838347039612137e-01  -1.3577976920839929e-01
  -5.4275512117113855e-01   2.3274927468155349e-02  -8.3956853616743654e-01
  -7.9878908678260041e-01   2.8925297370372149e-01   5.2751158880450955e-01
   2.5311977406824426e-01   9.5703430819440372e-01  -1.4147408808761214e-01
  -5.4576787912799862e-01   2.0518349649016471e-02  -8.3768524678024414e-01
  -7.9607106981665610e-01   2.9400696804690951e-01   5.2899007675978882e-01
   2.5510564849581979e-01   9.5563988719373250e-01  -1.4721651233870245e-01
  -5.4880608874906356e-01   1.7756235887927851e-02  -8.3576116706462256e-01
  -7.9331235757537599e-01   2.9880057628922818e-01   5.3044646082099911e-01
   2.5708277713331085e-01   9.5419942284392012e-01  -1.5300678702962409e-01
  -5.5186961515475974e-01   1.4989152556871055e-02  -8.3379576048370152e-01
  -7.9051263037718567e-01   3.0363357646920225e-01   5.3187982010558366e-01
   2.5905044134432587e-01   9.5271212839227715e-01  -1.5884464405434559e-01
  -5.5495831649540539e-01   1.2217675196246558e-02  -8.3178849094583096e-01
  -7.8767157213843253e-01   3.0850573550236199e-01   5.3328922500429132e-01
   2.6100791397571865e-01   9.5117721508118047e-01  -1.6472980187122485e-01
  -5.5807204381278885e-01   9.4423885704461585e-03  -8.2973882299073187e-01
  -7.8478887057035873e-01   3.1341680896409818e-01   5.3467373725255896e-01
   2.6295445936895079e-01   9.4959389235068004e-01  -1.7066196524071653e-01
  -5.6121064090139461e-01   6.6638867211920028e-03  -8.2764622197945192e-01
  -7.8186421737894862e-01   3.1836654087203969e-01   5.3603241000670088e-01
   2.6488933337489656e-01   9.4796136804620135e-01  -1.7664082496250100e-01
  -5.6437394416932296e-01   3.8827730185533871e-03  -8.2551015428815711e-01
  -7.7889730846764227e-01   3.2335466346803171e-01   5.3736428792500968e-01
   2.6681178337218059e-01   9.4627884863140233e-01  -1.8266605761213153e-01
  -5.6756178249895473e-01   1.0996602095576513e-03  -8.2333008750578407e-01
  -7.7588784414291467e-01   3.2838089699979456e-01   5.3866840725387499e-01
   2.6872104828914184e-01   9.4454553940623742e-01  -1.8873732527729656e-01
  -5.7077397710741351e-01  -1.6848295356980403e-03  -8.2110549063558191e-01
  -7.7283552932271304e-01   3.3344494950234671e-01   5.3994379591902231e-01
   2.7061635862951561e-01   9.4276064473028842e-01  -1.9485427529379493e-01
  -5.7401034140687335e-01  -4.4700645805190731e-03  -8.1883583430056683e-01
  -7.6974007374774456e-01   3.3854651657927648e-01   5.4118947362197833e-01
   2.7249693650192702e-01   9.4092336825141121e-01  -2.0101653998133068e-01
  -5.7727068086477429e-01  -7.2554037807630034e-03  -8.1652059095291063e-01
  -7.6660119219560607e-01   3.4368528118395125e-01   5.4240445194186870e-01
   2.7436199565329067e-01   9.3903291313975179e-01  -2.0722373637923092e-01
  -5.8055479286399470e-01  -1.0040196446758631e-02  -8.1415923508728882e-01
  -7.6341860469774381e-01   3.4886091340075298e-01   5.4358773444265218e-01
   2.7621074150620994e-01   9.3708848232718545e-01  -2.1347546598219588e-01
  -5.8386246656304153e-01  -1.2823782308085951e-02  -8.1175124345820593e-01
  -7.6019203675923019e-01   3.5407307022643575e-01   5.4473831678589679e-01
   2.7804237120047109e-01   9.3508927875222214e-01  -2.1977131447619611e-01
  -5.8719348275631855e-01  -1.5605491481312517e-02  -8.0929609530131519e-01
  -7.5693350686765060e-01   3.5930174500219580e-01   5.4585108328675758e-01
   2.7984934033092362e-01   9.3304227705539455e-01  -2.2608711549848542e-01
  -5.9053505547151830e-01  -1.8374279923414283e-02  -8.0680270083216121e-01
  -7.5365533507148641e-01   3.6452697191072136e-01   5.4692155072541282e-01
   2.8162457693737708e-01   9.3095505966458147e-01  -2.3239875201596691e-01
  -5.9387442483557029e-01  -2.1119452227927382e-02  -8.0428040912740062e-01
  -7.5035770427605664e-01   3.6974845941091761e-01   5.4794965937522166e-01
   2.8336798197065466e-01   9.2882774303590132e-01  -2.3870587187141362e-01
  -5.9721140452864230e-01  -2.3840855228194346e-02  -8.0172936091808622e-01
  -7.4704079847239324e-01   3.7496591617032993e-01   5.4893535187294906e-01
   2.8507945815761976e-01   9.2666044586280638e-01  -2.4500812315960499e-01
  -6.0054580836423410e-01  -2.6538337083764518e-02  -7.9914969853973794e-01
  -7.4370480272697592e-01   3.8017905108139854e-01   5.4987857322196509e-01
   2.8675891000660259e-01   9.2445328906945912e-01  -2.5130515424696209e-01
  -6.0387745029956474e-01  -2.9211747288865220e-02  -7.9654156592440029e-01
  -7.4034990317140570e-01   3.8538757327770068e-01   5.5077927079531397e-01
   2.8840624381272911e-01   9.2220639580398700e-01  -2.5759661379116644e-01
  -6.0720614444595344e-01  -3.1860936680799479e-02  -7.9390510859261276e-01
  -7.3697628699202056e-01   3.9059119215017973e-01   5.5163739433865067e-01
   2.9002136766314845e-01   9.1991989143161002e-01  -2.6388215076076327e-01
  -6.1053170507919097e-01  -3.4485757448268650e-02  -7.9124047364528971e-01
  -7.3358414241945047e-01   3.9578961736335949e-01   5.5245289597304459e-01
   2.9160419144216154e-01   9.1759390352764680e-01  -2.7016141445474773e-01
  -6.1385394664990245e-01  -3.7086063139619374e-02  -7.8854780975551331e-01
  -7.3017365871811601e-01   4.0098255887154399e-01   5.5322573019765087e-01
   2.9315462683624943e-01   9.1522856187039647e-01  -2.7643405452213154e-01
  -6.1717268379389967e-01  -3.9661708671015095e-02  -7.8582726716023832e-01
  -7.2674502617566739e-01   4.0616972693499931e-01   5.5395585389224877e-01
   2.9467258733899976e-01   9.1282399843389717e-01  -2.8269972098149121e-01
  -6.2048773134252344e-01  -4.2212550334530363e-02  -7.8307899765190925e-01
  -7.2329843609236844e-01   4.1135083213612100e-01   5.5464322631964857e-01
   2.9615798825593431e-01   9.1038034738056306e-01  -2.8895806424049486e-01
  -6.2379890433297525e-01  -4.4738445806169758e-02  -7.8030315456999144e-01
  -7.1983408077042177e-01   4.1652558539558138e-01   5.5528780912796383e-01
   2.9761074670923438e-01   9.0789774505369836e-01  -2.9520873511540857e-01
  -6.2710601801863775e-01  -4.7239254153808641e-02  -7.7749989279241571e-01
  -7.1635215350324077e-01   4.2169369798845890e-01   5.5588956635275066e-01
   2.9903078164236446e-01   9.0537632996989104e-01  -3.0145138485057782e-01
  -6.3040888787938143e-01  -4.9714835845056038e-02  -7.7466936872693648e-01
  -7.1285284856466336e-01   4.2685488156034723e-01   5.5644846441901596e-01
   3.0041801382459532e-01   9.0281624281128237e-01  -3.0768566513788731e-01
  -6.3370732963186127e-01  -5.2165052755040298e-02  -7.7181174030240496e-01
  -7.0933636119811350e-01   4.3200884814344420e-01   5.5696447214308897e-01
   3.0177236585542433e-01   9.0021762641771985e-01  -3.1391122813619404e-01
  -6.3700115923979772e-01  -5.4589768174115594e-02  -7.6892716695995866e-01
  -7.0580288760570731e-01   4.3715531017261933e-01   5.5743756073436224e-01
   3.0309376216889405e-01   8.9758062577878583e-01  -3.2012772649073584e-01
  -6.4029019292424572e-01  -5.6988846815489713e-02  -7.6601580964412330e-01
  -7.0225262493730578e-01   4.4229398050145730e-01   5.5786770379689787e-01
   3.0438212903780881e-01   8.9490538802570874e-01  -3.2633481335251102e-01
  -6.4357424717384804e-01  -5.9362154822772073e-02  -7.6307783079383507e-01
  -6.9868577127951526e-01   4.4742457241828071e-01   5.5825487733089973e-01
   3.0563739457784767e-01   8.9219206242315319e-01  -3.3253214239763196e-01
  -6.4685313875507500e-01  -6.1709559777442580e-02  -7.6011339433337621e-01
  -6.9510252564463437e-01   4.5254679966214650e-01   5.5859905973405355e-01
   3.0685948875157576e-01   8.8944080036089235e-01  -3.3871936784664713e-01
  -6.5012668472244739e-01  -6.4030930706239941e-02  -7.5712266566322894e-01
  -6.9150308795955151e-01   4.5766037643881730e-01   5.5890023180273074e-01
   3.0804834337235176e-01   8.8665175534536123e-01  -3.4489614448383427e-01
  -6.5339470242874376e-01  -6.6326138088468767e-02  -7.5410581165084711e-01
  -6.8788765905458837e-01   4.6276501743670834e-01   5.5915837673306146e-01
   3.0920389210813237e-01   8.8382508299109064e-01  -3.5106212767646233e-01
  -6.5665700953519224e-01  -6.8595053863226951e-02  -7.5106300062134590e-01
  -6.8425644065229607e-01   4.6786043784280557e-01   5.5937348012187083e-01
   3.1032607048517313e-01   8.8096094101202671e-01  -3.5721697339401859e-01
  -6.5991342402164277e-01  -7.0837551436549961e-02  -7.4799440234811010e-01
  -6.8060963535619878e-01   4.7294635335855728e-01   5.5954552996748352e-01
   3.1141481589162640e-01   8.7805948921272936e-01  -3.6336033822740593e-01
  -6.6316376419672363e-01  -7.3053505688475018e-02  -7.4490018804332137e-01
  -6.7694744663949058e-01   4.7802248021573623e-01   5.5967451667039292e-01
   3.1247006758103402e-01   8.7512088947945688e-01  -3.6949187940810124e-01
  -6.6640784870797920e-01  -7.5242792980021511e-02  -7.4178053034840619e-01
  -6.7327007883368206e-01   4.8308853519227235e-01   5.5976043303379697e-01
   3.1349176667571682e-01   8.7214530577113403e-01  -3.7561125482728125e-01
  -6.6964549655198735e-01  -7.7405291160089540e-02  -7.3863560332440237e-01
  -6.6957773711720003e-01   4.8814423562805587e-01   5.5980327426399912e-01
   3.1447985617006013e-01   8.6913290411020239e-01  -3.8171812305491115e-01
  -6.7287652708446011e-01  -7.9540879572275680e-02  -7.3546558244224791e-01
  -6.6587062750393855e-01   4.9318929944070700e-01   5.5980303797067676e-01
   3.1543428093369397e-01   8.6608385257335863e-01  -3.8781214335879277e-01
  -6.7610076003032127e-01  -8.1649439061604490e-02  -7.3227064457299051e-01
  -6.6214895683176633e-01   4.9822344514131622e-01   5.5975972416701381e-01
   3.1635498771456905e-01   8.6299832128217624e-01  -3.9389297572357768e-01
  -6.7931801549376547e-01  -8.3730851981177190e-02  -7.2905096797791935e-01
  -6.5841293275098456e-01   5.0324639185014841e-01   5.5967333526970020e-01
   3.1724192514192828e-01   8.5987648239361347e-01  -3.9996028086973667e-01
  -6.8252811396829560e-01  -8.5785002198735472e-02  -7.2580673229861847e-01
  -6.5466276371274146e-01   5.0825785931231571e-01   5.5954387609879730e-01
   3.1809504372917258e-01   8.5671851009040734e-01  -4.0601372027249083e-01
  -6.8573087634673802e-01  -8.7811775103141199e-02  -7.2253811854694383e-01
  -6.5089865895740251e-01   5.1325756791341393e-01   5.5937135387746850e-01
   3.1891429587662257e-01   8.5352458057135661e-01  -4.1205295618069937e-01
  -6.8892612393123587e-01  -8.9811057610771128e-02  -7.1924530909492390e-01
  -6.4712082850287489e-01   5.1824523869512307e-01   5.5915577823157669e-01
   3.1969963587417338e-01   8.5029487204148912e-01  -4.1807765163570387e-01
  -6.9211367844321958e-01  -9.1782738171826084e-02  -7.1592848766458461e-01
  -6.4332948313289018e-01   5.2322059337077276e-01   5.5889716118914678e-01
   3.2045101990384645e-01   8.4702956470212010e-01  -4.2408747049013001e-01
  -6.9529336203335435e-01  -9.3726706776555813e-02  -7.1258783931769776e-01
  -6.3952483438524377e-01   5.2818335434086827e-01   5.5859551717969502e-01
   3.2116840604223307e-01   8.4372884074079713e-01  -4.3008207742664140e-01
  -6.9846499729146205e-01  -9.5642854961395962e-02  -7.0922355044545626e-01
  -6.3570709453999108e-01   5.3313324470858015e-01   5.5825086303342319e-01
   3.2185175426283419e-01   8.4039288432113501e-01  -4.3606113797664975e-01
  -7.0162840725642117e-01  -9.7531075815020019e-02  -7.0583580875807372e-01
  -6.3187647660760571e-01   5.3806998829519248e-01   5.5786321798028060e-01
   3.2250102643829348e-01   8.3702188157254120e-01  -4.4202431853897561e-01
  -7.0478341542603939e-01  -9.9391263984304701e-02  -7.0242480327431223e-01
  -6.2803319431709115e-01   5.4299330965551351e-01   5.5743260364889013e-01
   3.2311618634252459e-01   8.3361602057982942e-01  -4.4797128639846301e-01
  -7.0792984576690232e-01  -1.0122331568020820e-01  -6.9899072431093467e-01
  -6.2417746210405922e-01   5.4790293409324298e-01   5.5695904406534202e-01
   3.2369719965273264e-01   8.3017549137272661e-01  -4.5390170974454130e-01
  -7.1106752272419393e-01  -1.0302712868356045e-01  -6.9553376347208751e-01
  -6.2030949509876321e-01   5.5279858767629975e-01   5.5644256565185346e-01
   3.2424403395132889e-01   8.2670048591526957e-01  -4.5981525768974041e-01
  -7.1419627123149354e-01  -1.0480260235076705e-01  -6.9205411363860880e-01
  -6.1642950911409622e-01   5.5767999725210460e-01   5.5588319722529378e-01
   3.2475665872773996e-01   8.2319119809509500e-01  -4.6571160028815117e-01
  -7.1731591672054174e-01  -1.0654963761942454e-01  -6.8855196895726778e-01
  -6.1253772063354894e-01   5.6254689046282236e-01   5.5528096999557741e-01
