  -9.2451300000000003e-01   1.3549600000000000e-02   3.8091000000000003e-01
   9.3234100000000000e-02   9.7704400000000002e-01   1.9155200000000000e-01
  -3.6957000000000001e-01   2.1260899999999999e-01  -9.0455300000000005e-01
  -9.2451246400938702e-01   1.3551216609719658e-02   3.8091124340041244e-01
   9.3235319500702088e-02   9.7704426646340703e-01   1.9155004727588795e-01
  -3.6957103314973261e-01   2.1260767246093062e-01  -9.0455288991710425e-01
  -9.2451085601781324e-01   1.3556066449663199e-02   3.8091497357912085e-01
   9.3238977988295349e-02   9.7704506582458173e-01   1.9154418909052481e-01
  -3.6957413260582278e-01   2.1260368985102554e-01  -9.0455255964503378e-01
  -9.2450817596607349e-01   1.3564149552183821e-02   3.8092119046853778e-01
   9.3245075419240264e-02   9.7704639799638482e-01   1.9153442540483021e-01
  -3.6957929838894721e-01   2.1259705219219432e-01  -9.0455200911363920e-01
  -9.2450442375549347e-01   1.3575465971201394e-02   3.8092989395601656e-01
   9.3253611720969493e-02   9.7704826283358415e-01   1.9152075615367281e-01
  -3.6958653053356566e-01   2.1258775952095463e-01  -9.0455123820600514e-01
  -9.2449959924793101e-01   1.3590015782199479e-02   3.8094108388384784e-01
   9.3264586791885457e-02   9.7705066013285369e-01   1.9150318124587376e-01
  -3.6959582908791933e-01   2.1257581188843463e-01  -9.0455024675844997e-01
  -9.2449370226577654e-01   1.3607799082220944e-02   3.8095476004925732e-01
   9.3278000501357261e-02   9.7705358963277344e-01   1.9148170056421226e-01
  -3.6960719411402759e-01   2.1256120936037678e-01  -9.0454903456052693e-01
  -9.2448673259195580e-01   1.3628815989862585e-02   3.8097092220440065e-01
   9.3293852689716267e-02   9.7705705101382745e-01   1.9145631396543172e-01
  -3.6962062568768483e-01   2.1254395201714196e-01  -9.0454760135502355e-01
  -9.2447868996993154e-01   1.3653066645268224e-02   3.8098957005635897e-01
   9.3312143168251177e-02   9.7706104389840420e-01   1.9142702128024841e-01
  -3.6963612389845601e-01   2.1252403995371544e-01  -9.0454594683796308e-01
  -9.2446957410370678e-01   1.3680551210120719e-02   3.8101070326713227e-01
   9.3332871719202140e-02   9.7706556785079424e-01   1.9139382231336094e-01
  -3.6965368884967165e-01   2.1250147327971319e-01  -9.0454407065860420e-01
  -9.2445938465782684e-01   1.3711269867632946e-02   3.8103432145363242e-01
   9.3356038095753408e-02   9.7707062237718856e-01   1.9135671684346114e-01
  -3.6967332065842179e-01   2.1247625211938939e-01  -9.0454197241944179e-01
  -9.2444812125738396e-01   1.3745222822537153e-02   3.8106042418767533e-01
   9.3381642022025826e-02   9.7707620692567776e-01   1.9131570462324701e-01
  -3.6969501945554950e-01   2.1244837661164531e-01  -9.0453965167620853e-01
  -9.2443578348802058e-01   1.3782410301073328e-02   3.8108901099597181e-01
   9.3409683193067972e-02   9.7708232088624936e-01   1.9127078537943673e-01
  -3.6971878538564323e-01   2.1241784691003845e-01  -9.0453710793787434e-01
  -9.2442237089593360e-01   1.3822832550976400e-02   3.8112008136011771e-01
   9.3440161274846306e-02   9.7708896359078623e-01   1.9122195881278409e-01
  -3.6974461860702867e-01   2.1238466318279356e-01  -9.0453434066664851e-01
  -9.2440788298787913e-01   1.3866489841462007e-02   3.8115363471658298e-01
   9.3473075904234634e-02   9.7709613431306341e-01   1.9116922459809571e-01
  -3.6977251929175980e-01   2.1234882561281390e-01  -9.0453134927797940e-01
  -9.2439231923117771e-01   1.3913382463211266e-02   3.8118967045669999e-01
   9.3508426689002430e-02   9.7710383226874697e-01   1.9111258238424947e-01
  -3.6980248762560897e-01   2.1231033439769406e-01  -9.0452813314055702e-01
  -9.2437567905371953e-01   1.3963510728353992e-02   3.8122818792665092e-01
   9.3546213207802445e-02   9.7711205661538980e-01   1.9105203179421471e-01
  -3.6983452380805626e-01   2.1226918974973338e-01  -9.0452469157631277e-01
  -9.2435796184397090e-01   1.4016874970451104e-02   3.8126918642745355e-01
   9.3586435010157273e-02   9.7712080645242971e-01   1.9098757242507350e-01
  -3.6986862805227816e-01   2.1222539189595085e-01  -9.0452102386042144e-01
  -9.2433916695097995e-01   1.4073475544475389e-02   3.8131266521494750e-01
   9.3629091616444976e-02   9.7713008082118613e-01   1.9091920384804398e-01
  -3.6990480058513553e-01   2.1217894107810034e-01  -9.0451712922130256e-01
  -9.2431929368438415e-01   1.4133312826791334e-02   3.8135862349977789e-01
   9.3674182517883883e-02   9.7713987870485663e-01   1.9084692560850455e-01
  -3.6994304164716035e-01   2.1212983755268749e-01  -9.0451300684062130e-01
  -9.2429834131441602e-01   1.4196387215133610e-02   3.8140706044737926e-01
   9.3721707176516261e-02   9.7715019902851341e-01   1.9077073722601998e-01
  -3.6998335149254225e-01   2.1207808159098743e-01  -9.0450865585329032e-01
  -9.2427630907191249e-01   1.4262699128584305e-02   3.8145797517795799e-01
   9.3771665025191367e-02   9.7716104065909992e-01   1.9069063819436885e-01
  -3.7002573038911357e-01   2.1202367347906309e-01  -9.0450407534747146e-01
  -9.2425319614832202e-01   1.4332249007548994e-02   3.8151136676647407e-01
   9.3824055467547282e-02   9.7717240240542658e-01   1.9060662798157249e-01
  -3.7007017861833497e-01   2.1196661351778526e-01  -9.0449926436457739e-01
  -9.2422900169571254e-01   1.4405037313731434e-02   3.8156723424262151e-01
   9.3878877877992123e-02   9.7718428301816695e-01   1.9051870602992554e-01
  -3.7011669647527790e-01   2.1190690202285273e-01  -9.0449422189927298e-01
  -9.2420372482678115e-01   1.4481064530107328e-02   3.8162557659080854e-01
   9.3936131601683959e-02   9.7719668118985303e-01   1.9042687175602760e-01
  -3.7016528426860906e-01   2.1184453932481451e-01  -9.0448894689947745e-01
  -9.2417736461486266e-01   1.4560331160896422e-02   3.8168639275013605e-01
   9.3995815954510190e-02   9.7720959555487186e-01   1.9033112455081708e-01
  -3.7021594232057198e-01   2.1177952576909215e-01  -9.0448343826636668e-01
  -9.2414992009393981e-01   1.4642837731533839e-02   3.8174968161437556e-01
   9.4057930223065675e-02   9.7722302468945965e-01   1.9023146377960556e-01
  -3.7026867096696875e-01   2.1171186171600348e-01  -9.0447769485437468e-01
  -9.2412139025865325e-01   1.4728584788639705e-02   3.8181544203194645e-01
   9.4122473664630418e-02   9.7723696711169772e-01   1.9012788878211478e-01
  -3.7032347055714065e-01   2.1164154754078721e-01  -9.0447171547119598e-01
  -9.2409177406431087e-01   1.4817572899987990e-02   3.8188367280589158e-01
   9.4189445507145544e-02   9.7725142128150733e-01   1.9002039887251401e-01
  -3.7038034145394816e-01   2.1156858363362885e-01  -9.0446549887778804e-01
  -9.2406107042690055e-01   1.4909802654473852e-02   3.8195437269385257e-01
   9.4258844949189208e-02   9.7726638560064405e-01   1.8990899333945976e-01
  -3.7043928403375043e-01   2.1149297039968706e-01  -9.0445904378837327e-01
  -9.2402927822310010e-01   1.5005274662079704e-02   3.8202754040804421e-01
   9.4330671159951071e-02   9.7728185841269299e-01   1.8979367144613643e-01
  -3.7050029868638307e-01   2.1141470825912173e-01  -9.0445234887044168e-01
  -9.2399639629028996e-01   1.5103989553840243e-02   3.8210317461522719e-01
   9.4404923279206035e-02   9.7729783800306291e-01   1.8967443243029897e-01
  -3.7056338581513626e-01   2.1133379764712218e-01  -9.0444541274475354e-01
  -9.2396242342656421e-01   1.5205947981806141e-02   3.8218127393668083e-01
   9.4481600417286954e-02   9.7731432259898032e-01   1.8955127550431630e-01
  -3.7062854583673122e-01   2.1125023901393733e-01  -9.0443823398534151e-01
  -9.2392735839074414e-01   1.5311150619006425e-02   3.8226183694817428e-01
   9.4560701655056589e-02   9.7733131036948429e-01   1.8942419985521719e-01
  -3.7069577918129631e-01   2.1116403282490609e-01  -9.0443081111951440e-01
  -9.2389119990239110e-01   1.5419598159409841e-02   3.8234486217993696e-01
   9.4642226043878466e-02   9.7734879942541897e-01   1.8929320464473651e-01
  -3.7076508629234256e-01   2.1107517956048916e-01  -9.0442314262785839e-01
  -9.2385394664181919e-01   1.5531291317884636e-02   3.8243034811662818e-01
   9.4726172605587064e-02   9.7736678781942876e-01   1.8915828900936416e-01
  -3.7083646762673744e-01   2.1098367971630178e-01  -9.0441522694424181e-01
  -9.2381559725011042e-01   1.5646230830157419e-02   3.8251829319730590e-01
   9.4812540332456896e-02   9.7738527354595106e-01   1.8901945206039447e-01
  -3.7090992365467884e-01   2.1088953380314723e-01  -9.0440706245581726e-01
  -9.2377615032912797e-01   1.5764417452770754e-02   3.8260869581539392e-01
   9.4901328187170536e-02   9.7740425454120983e-01   1.8887669288397771e-01
  -3.7098545485966838e-01   2.1079274234705181e-01  -9.0439864750302434e-01
  -9.2373560444153069e-01   1.5885851963039245e-02   3.8270155431864905e-01
   9.4992535102786171e-02   9.7742372868320848e-01   1.8873001054117283e-01
  -3.7106306173848258e-01   2.1069330588930035e-01  -9.0438998037959384e-01
  -9.2369395811078947e-01   1.6010535159004656e-02   3.8279686700912696e-01
   9.5086159982703908e-02   9.7744369379172369e-01   1.8857940406800200e-01
  -3.7114274480114468e-01   2.1059122498647298e-01  -9.0438105933255086e-01
  -9.2365120982120186e-01   1.6138467859389657e-02   3.8289463214314712e-01
   9.5182201700631297e-02   9.7746414762829748e-01   1.8842487247550618e-01
  -3.7122450457089501e-01   2.1048650021048279e-01  -9.0437188256221801e-01
  -9.2360735801790816e-01   1.6269650903550464e-02   3.8299484793125643e-01
   9.5280659100547810e-02   9.7748508789622979e-01   1.8826641474980252e-01
  -3.7130834158416071e-01   2.1037913214861451e-01  -9.0436244822221901e-01
  -9.2356240110690790e-01   1.6404085151427931e-02   3.8309751253819296e-01
   9.5381530996668712e-02   9.7750651224057272e-01   1.8810402985214333e-01
  -3.7139425639052415e-01   2.1026912140356430e-01  -9.0435275441948315e-01
  -9.2351633745507733e-01   1.6541771483497929e-02   3.8320262408284739e-01
   9.5484816173407497e-02   9.7752841824811987e-01   1.8793771671897613e-01
  -3.7148224955269182e-01   2.1015646859348039e-01  -9.0434279921424798e-01
  -9.2346916539018586e-01   1.6682710800719803e-02   3.8331018063822520e-01
   9.5590513385338180e-02   9.7755080344740142e-01   1.8776747426200577e-01
  -3.7157232164646092e-01   2.1004117435200478e-01  -9.0433258062006439e-01
  -9.2342088320091431e-01   1.6826904024484182e-02   3.8342018023140612e-01
   9.5698621357155927e-02   9.7757366530867518e-01   1.8759330136825758e-01
  -3.7166447326068630e-01   2.0992323932831591e-01  -9.0432209660380014e-01
  -9.2337148913687273e-01   1.6974352096559210e-02   3.8353262084350431e-01
   9.5809138783637282e-02   9.7759700124391746e-01   1.8741519690014230e-01
  -3.7175870499724567e-01   2.0980266418717236e-01  -9.0431134508564381e-01
  -9.2332098140861951e-01   1.7125055979035683e-02   3.8364750040962647e-01
   9.5922064329599196e-02   9.7762080860681622e-01   1.8723315969552226e-01
  -3.7185501747100508e-01   2.0967944960895754e-01  -9.0430032393910975e-01
  -9.2326935818768041e-01   1.7279016654270795e-02   3.8376481681882962e-01
   9.6037396629857427e-02   9.7764508469276257e-01   1.8704718856777955e-01
  -3.7195341130978266e-01   2.0955359628972539e-01  -9.0428903099104219e-01
  -9.2321661760656748e-01   1.7436235124830741e-02   3.8388456791407805e-01
   9.6155134289183861e-02   9.7766982673884117e-01   1.8685728230588494e-01
  -3.7205388715431187e-01   2.0942510494124691e-01  -9.0427746402161957e-01
  -9.2316275775879930e-01   1.7596712413432150e-02   3.8400675149219893e-01
   9.6275275882262826e-02   9.7769503192382234e-01   1.8666343967446919e-01
  -3.7215644565820438e-01   2.0929397629105809e-01  -9.0426562076436012e-01
  -9.2310777669892208e-01   1.7760449562881992e-02   3.8413136530383729e-01
   9.6397819953646949e-02   9.7772069736815359e-01   1.8646565941389512e-01
  -3.7226108748791131e-01   2.0916021108250829e-01  -9.0425349890612561e-01
  -9.2305167244252972e-01   1.7927447636016575e-02   3.8425840705341030e-01
   9.6522765017711551e-02   9.7774682013394953e-01   1.8626394024033155e-01
  -3.7236781332268448e-01   2.0902381007481000e-01  -9.0424109608712722e-01
  -9.2299444296628519e-01   1.8097707715639073e-02   3.8438787439905997e-01
   9.6650109558608477e-02   9.7777339722498358e-01   1.8605828084582879e-01
  -3.7247662385453645e-01   2.0888477404308967e-01  -9.0422840990093001e-01
  -9.2293608620794265e-01   1.8271230904455801e-02   3.8451976495260609e-01
   9.6779852030219146e-02   9.7780042558667823e-01   1.8584867989839549e-01
  -3.7258751978819965e-01   2.0874310377843894e-01  -9.0421543789445846e-01
  -9.2287660006636929e-01   1.8448018325011369e-02   3.8465407627949699e-01
   9.6911990856106356e-02   9.7782790210609671e-01   1.8563513604207704e-01
  -3.7270050184108511e-01   2.0859880008796763e-01  -9.0420217756800214e-01
  -9.2281598240156826e-01   1.8628071119622426e-02   3.8479080589876041e-01
   9.7046524429465542e-02   9.7785582361193180e-01   1.8541764789703555e-01
  -3.7281557074324012e-01   2.0845186379485717e-01  -9.0418862637522057e-01
  -9.2275423103470189e-01   1.8811390450310304e-02   3.8492995128295293e-01
   9.7183451113074831e-02   9.7788418687449741e-01   1.8519621405963127e-01
  -3.7293272723730508e-01   2.0830229573841522e-01  -9.0417478172314947e-01
  -9.2269134374811490e-01   1.8997977498732329e-02   3.8507150985810878e-01
   9.7322769239244405e-02   9.7791298860571851e-01   1.8497083310250553e-01
  -3.7305197207846952e-01   2.0815009677413138e-01  -9.0416064097220650e-01
  -9.2262731828535860e-01   1.9187833466111772e-02   3.8521547900368774e-01
   9.7464477109765163e-02   9.7794222545912146e-01   1.8474150357466537e-01
  -3.7317330603442767e-01   2.0799526777373353e-01  -9.0414620143619662e-01
  -9.2256215235121597e-01   1.9380959573166753e-02   3.8536185605252177e-01
   9.7608572995855916e-02   9.7797189402982321e-01   1.8450822400156941e-01
  -3.7329672988533247e-01   2.0783780962524565e-01  -9.0413146038231906e-01
  -9.2249584361172543e-01   1.9577357060037728e-02   3.8551063829076165e-01
   9.7755055138110392e-02   9.7800199085452222e-01   1.8427099288521537e-01
  -3.7342224442375010e-01   2.0767772323304623e-01  -9.0411641503117357e-01
  -9.2242838969420771e-01   1.9777027186213804e-02   3.8566182295782192e-01
   9.7903921746442787e-02   9.7803251241148736e-01   1.8402980870422925e-01
  -3.7354985045461170e-01   2.0751500951792781e-01  -9.0410106255676603e-01
  -9.2235978818729047e-01   1.9979971230457694e-02   3.8581540724632474e-01
   9.8055171000032859e-02   9.7806345512054826e-01   1.8378466991395573e-01
  -3.7367954879516668e-01   2.0734966941715749e-01  -9.0408540008651528e-01
  -9.2229003664093556e-01   2.0186190490729516e-02   3.8597138830204442e-01
   9.8208801047269867e-02   9.7809481534308440e-01   1.8353557494655051e-01
  -3.7381134027493301e-01   2.0718170388453858e-01  -9.0406942470126095e-01
  -9.2221913256646570e-01   2.0395686284109291e-02   3.8612976322384890e-01
   9.8364810005695719e-02   9.7812658938201469e-01   1.8328252221107361e-01
  -3.7394522573564815e-01   2.0701111389047289e-01  -9.0405313343526872e-01
  -9.2214707343659152e-01   2.0608459946718050e-02   3.8629052906364270e-01
   9.8523195961947418e-02   9.7815877348178704e-01   1.8302551009358495e-01
  -3.7408120603121858e-01   2.0683790042202421e-01  -9.0403652327623896e-01
  -9.2207385668543973e-01   2.0824512833638040e-02   3.8645368282630627e-01
   9.8683956971698197e-02   9.7819136382836691e-01   1.8276453695724051e-01
  -3.7421928202766891e-01   2.0666206448298305e-01  -9.0401959116531216e-01
  -9.2199947970858132e-01   2.1043846318831150e-02   3.8661922146963751e-01
   9.8847091059598380e-02   9.7822435654922746e-01   1.8249960114239105e-01
  -3.7435945460308961e-01   2.0648360709393154e-01  -9.0400233399707863e-01
  -9.2192393986305987e-01   2.1266461795056486e-02   3.8678714190429003e-01
   9.9012596219214766e-02   9.7825774771333762e-01   1.8223070096668151e-01
  -3.7450172464758408e-01   2.0630252929231035e-01  -9.0398474861958411e-01
  -9.2184723446742178e-01   2.1492360673786449e-02   3.8695744099371188e-01
   9.9180470412969748e-02   9.7829153333115237e-01   1.8195783472515248e-01
  -3.7464609306321561e-01   2.0611883213248583e-01  -9.0396683183433846e-01
  -9.2176936080174543e-01   2.1721544385121687e-02   3.8713011555408267e-01
   9.9350711572078976e-02   9.7832570935460006e-01   1.8168100069034293e-01
  -3.7479256076395262e-01   2.0593251668581833e-01  -9.0394858039632364e-01
  -9.2169031610767127e-01   2.1954014377704709e-02   3.8730516235425044e-01
   9.9523317596488511e-02   9.7836027167707240e-01   1.8140019711239452e-01
  -3.7494112867561336e-01   2.0574358404073173e-01  -9.0392999101400140e-01
  -9.2161009758843282e-01   2.2189772118632153e-02   3.8748257811566733e-01
   9.9698286354811164e-02   9.7839521613341229e-01   1.8111542221915755e-01
  -3.7509179773581031e-01   2.0555203530278357e-01  -9.0391106034932200e-01
  -9.2152870240888785e-01   2.2428819093365866e-02   3.8766235951232469e-01
   9.9875615684261732e-02   9.7843053849990391e-01   1.8082667421629844e-01
  -3.7524456889389279e-01   2.0535787159473634e-01  -9.0389178501773249e-01
  -9.2144612769555034e-01   2.2671156805642793e-02   3.8784450317068681e-01
   1.0005530339059150e-01   9.7846623449425951e-01   1.8053395128740854e-01
  -3.7539944311088985e-01   2.0516109405662988e-01  -9.0387216158818540e-01
  -9.2136237053662218e-01   2.2916786777383350e-02   3.8802900566962445e-01
   1.0023734724802197e-01   9.7850229977560932e-01   1.8023725159411474e-01
  -3.7555642135945139e-01   2.0496170384585458e-01  -9.0385218658314792e-01
  -9.2127742798202616e-01   2.3165710548598749e-02   3.8821586354034709e-01
   1.0042174499917758e-01   9.7853872994448954e-01   1.7993657327619161e-01
  -3.7571550462378900e-01   2.0475970213722550e-01  -9.0383185647861031e-01
  -9.2119129704343961e-01   2.3417929677296910e-02   3.8840507326633489e-01
   1.0060849435501769e-01   9.7857552054283070e-01   1.7963191445167478e-01
  -3.7587669389961598e-01   2.0455509012305745e-01  -9.0381116770409642e-01
  -9.2110397469432770e-01   2.3673445739387233e-02   3.8859663128326866e-01
   1.0079759299476750e-01   9.7861266705394623e-01   1.7932327321697619e-01
  -3.7603999019408646e-01   2.0434786901324151e-01  -9.0379011664267150e-01
  -9.2101545786997741e-01   2.3932260328583827e-02   3.8879053397896074e-01
   1.0098903856584861e-01   9.7865016490252044e-01   1.7901064764700086e-01
  -3.7620539452573326e-01   2.0413804003532166e-01  -9.0376869963095330e-01
  -9.2092574346753286e-01   2.4194375056307792e-02   3.8898677769328338e-01
   1.0118282868380807e-01   9.7868800945459666e-01   1.7869403579526499e-01
  -3.7637290792440581e-01   2.0392560443457322e-01  -9.0374691295912124e-01
  -9.2083482834603070e-01   2.4459791551587895e-02   3.8918535871809756e-01
   1.0137896093224723e-01   9.7872619601756694e-01   1.7837343569401590e-01
  -3.7654253143120636e-01   2.0371056347408173e-01  -9.0372475287092691e-01
  -9.2074270932643509e-01   2.4728511460960206e-02   3.8938627329718017e-01
   1.0157743286274920e-01   9.7876471984015789e-01   1.7804884535435331e-01
  -3.7671426609842618e-01   2.0349291843482292e-01  -9.0370221556370434e-01
  -9.2064938319167489e-01   2.5000536448366369e-02   3.8958951762615057e-01
   1.0177824199480588e-01   9.7880357611242041e-01   1.7772026276635200e-01
  -3.7688811298948044e-01   2.0327267061574392e-01  -9.0367929718837969e-01
  -9.2055484668667975e-01   2.5275868195050462e-02   3.8979508785239680e-01
   1.0198138581574392e-01   9.7884275996571790e-01   1.7738768589918685e-01
  -3.7706407317884177e-01   2.0304982133384475e-01  -9.0365599384948381e-01
  -9.2045909651841851e-01   2.5554508399454792e-02   3.9000298007500050e-01
   1.0218686178064995e-01   9.7888226647271381e-01   1.7705111270125823e-01
  -3.7724214775197462e-01   2.0282437192426175e-01  -9.0363230160516161e-01
  -9.2036212935593575e-01   2.5836458777114147e-02   3.9021319034466112e-01
   1.0239466731229498e-01   9.7892209064735902e-01   1.7671054110031997e-01
  -3.7742233780526691e-01   2.0259632374035089e-01  -9.0360821646718392e-01
  -9.2026394183039129e-01   2.6121721060549077e-02   3.9042571466361925e-01
   1.0260479980105769e-01   9.7896222744488182e-01   1.7636596900360826e-01
  -3.7760464444596209e-01   2.0236567815377307e-01  -9.0358373440095885e-01
  -9.2016453053509861e-01   2.6410296999157493e-02   3.9064054898557965e-01
   1.0281725660484754e-01   9.7900267176177458e-01   1.7601739429797258e-01
  -3.7778906879208990e-01   2.0213243655457958e-01  -9.0355885132554392e-01
  -9.2006389202556471e-01   2.6702188359105275e-02   3.9085768921563291e-01
   1.0303203504902639e-01   9.7904341843578135e-01   1.7566481485000784e-01
  -3.7797561197239654e-01   2.0189660035129878e-01  -9.0353356311365729e-01
  -9.1996202281952999e-01   2.6997396923215410e-02   3.9107713121017645e-01
   1.0324913242632958e-01   9.7908446224588797e-01   1.7530822850618819e-01
  -3.7816427512627354e-01   2.0165817097102412e-01  -9.0350786559169038e-01
  -9.1985891939700848e-01   2.7295924490856070e-02   3.9129887077683501e-01
   1.0346854599678618e-01   9.7912579791230747e-01   1.7494763309300232e-01
  -3.7835505940368641e-01   2.0141714985950235e-01  -9.0348175453971991e-01
  -9.1975457820032946e-01   2.7597772877826984e-02   3.9152290367438003e-01
   1.0369027298763840e-01   9.7916742009647040e-01   1.7458302641709075e-01
  -3.7854796596510193e-01   2.0117353848122335e-01  -9.0345522569152148e-01
  -9.1964899563417946e-01   2.7902943916244819e-02   3.9174922561264880e-01
   1.0391431059326037e-01   9.7920932340101163e-01   1.7421440626538418e-01
  -3.7874299598141531e-01   2.0092733831951062e-01  -9.0342827473458143e-01
  -9.1954216806564337e-01   2.8211439454427348e-02   3.9197783225246169e-01
   1.0414065597507560e-01   9.7925150236975889e-01   1.7384177040524332e-01
  -3.7894015063387554e-01   2.0067855087661282e-01  -9.0340089731011064e-01
  -9.1943409182424818e-01   2.8523261356775853e-02   3.9220871920554012e-01
   1.0436930626147425e-01   9.7929395148772047e-01   1.7346511658460129e-01
  -3.7913943111401044e-01   2.0042717767379595e-01  -9.0337308901305780e-01
  -9.1932476320200585e-01   2.8838411503656833e-02   3.9244188203442260e-01
   1.0460025854772914e-01   9.7933666518107398e-01   1.7308444253210614e-01
  -3.7934083862355139e-01   2.0017322025143702e-01  -9.0334484539212312e-01
  -9.1921417845345799e-01   2.9156891791281767e-02   3.9267731625238073e-01
   1.0483350989591117e-01   9.7937963781715431e-01   1.7269974595726620e-01
  -3.7954437437435606e-01   1.9991668016911823e-01  -9.0331616194977271e-01
  -9.1910233379571904e-01   2.9478704131586136e-02   3.9291501732333356e-01
   1.0506905733480394e-01   9.7942286370444098e-01   1.7231102455059624e-01
  -3.7975003958833142e-01   1.9965755900572213e-01  -9.0328703414225198e-01
  -9.1898922540852257e-01   2.9803850452106845e-02   3.9315498066176263e-01
   1.0530689785981732e-01   9.7946633709254782e-01   1.7191827598376563e-01
  -3.7995783549735512e-01   1.9939585835952808e-01  -9.0325745737960106e-01
  -9.1887484943426623e-01   3.0132332695858188e-02   3.9339720163262470e-01
   1.0554702843290076e-01   9.7951005217221032e-01   1.7152149790974797e-01
  -3.8016776334319657e-01   1.9913157984830915e-01  -9.0322742702566949e-01
  -9.1875920197805783e-01   3.0464152821207003e-02   3.9364167555126467e-01
   1.0578944598245499e-01   9.7955400307527407e-01   1.7112068796297189e-01
  -3.8037982437743662e-01   1.9886472510943026e-01  -9.0319693839813042e-01
  -9.1864227910776308e-01   3.0799312801745825e-02   3.9388839768332778e-01
   1.0603414740324393e-01   9.7959818387468334e-01   1.7071584375947454e-01
  -3.8059401986138713e-01   1.9859529579994731e-01  -9.0316598676849735e-01
  -9.1852407685405169e-01   3.1137814626165487e-02   3.9413736324467036e-01
   1.0628112955630482e-01   9.7964258858446951e-01   1.7030696289705524e-01
  -3.8081035106600913e-01   1.9832329359670706e-01  -9.0313456736213926e-01
  -9.1840459121044571e-01   3.1479660298125607e-02   3.9438856740127098e-01
   1.0653038926885833e-01   9.7968721115973967e-01   1.6989404295543195e-01
  -3.8102881927183002e-01   1.9804872019644792e-01  -9.0310267535829591e-01
  -9.1828381813336901e-01   3.1824851836124518e-02   3.9464200526913940e-01
   1.0678192333421742e-01   9.7973204549666426e-01   1.6947708149639837e-01
  -3.8124942576886073e-01   1.9777157731590192e-01  -9.0307030589009518e-01
  -9.1816175354219520e-01   3.2173391273367255e-02   3.9489767191422648e-01
   1.0703572851169563e-01   9.7977708543246800e-01   1.6905607606398354e-01
  -3.8147217185651133e-01   1.9749186669189744e-01  -9.0303745404456948e-01
  -9.1803839331929737e-01   3.2525280657632619e-02   3.9515556235233168e-01
   1.0729180152651456e-01   9.7982232474541608e-01   1.6863102418461226e-01
  -3.8169705884350563e-01   1.9720959008146274e-01  -9.0300411486267174e-01
  -9.1791373331009984e-01   3.2880522051138623e-02   3.9541567154901169e-01
   1.0755013906971068e-01   9.7986775715480445e-01   1.6820192336726766e-01
  -3.8192408804779571e-01   1.9692474926193071e-01  -9.0297028333929430e-01
  -9.1778776932312767e-01   3.3239117530406981e-02   3.9567799441948609e-01
   1.0781073779804093e-01   9.7991337632094877e-01   1.6776877110365498e-01
  -3.8215326079647521e-01   1.9663734603104441e-01  -9.0293595442328489e-01
  -9.1766049713005793e-01   3.3601069186125904e-02   3.9594252582854461e-01
   1.0807359433388818e-01   9.7995917584517256e-01   1.6733156486836714e-01
  -3.8238457842569129e-01   1.9634738220706344e-01  -9.0290112301746495e-01
  -9.1753191246577348e-01   3.3966379123011703e-02   3.9620926059045214e-01
   1.0833870526516541e-01   9.8000514926979720e-01   1.6689030211905198e-01
  -3.8261804228055663e-01   1.9605485962887134e-01  -9.0286578397864847e-01
  -9.1740201102841468e-01   3.4335049459669142e-02   3.9647819346885371e-01
   1.0860606714521956e-01   9.8005129007813085e-01   1.6644498029658109e-01
  -3.8285365371505992e-01   1.9575978015608400e-01  -9.0282993211766005e-01
  -9.1727078847943244e-01   3.4707082328450309e-02   3.9674931917667861e-01
   1.0887567649273418e-01   9.8009759169445798e-01   1.6599559682522000e-01
  -3.8309141409197578e-01   1.9546214566915859e-01  -9.0279356219935358e-01
  -9.1713824044364289e-01   3.5082479875312295e-02   3.9702263237604363e-01
   1.0914752979163166e-01   9.8014404748402850e-01   1.6554214911280035e-01
  -3.8333132478277376e-01   1.9516195806950409e-01  -9.0275666894263185e-01
  -9.1700436250928197e-01   3.5461244259673508e-02   3.9729812767815609e-01
   1.0942162349097447e-01   9.8019065075304768e-01   1.6508463455089326e-01
  -3.8357338716752654e-01   1.9485921927959202e-01  -9.0271924702046547e-01
  -9.1686915022806037e-01   3.5843377654268399e-02   3.9757579964321582e-01
   1.0969795400486600e-01   9.8023739474866567e-01   1.6462305051498491e-01
  -3.8381760263481685e-01   1.9455393124306847e-01  -9.0268129105991413e-01
  -9.1673259911521954e-01   3.6228882245001329e-02   3.9785564278031654e-01
   1.0997651771235017e-01   9.8028427265896823e-01   1.6415739436465301e-01
  -3.8406397258164476e-01   1.9424609592486708e-01  -9.0264279564214522e-01
  -9.1659470464958803e-01   3.6617760230798685e-02   3.9813765154734670e-01
   1.1025731095731063e-01   9.8033127761296501e-01   1.6368766344374558e-01
  -3.8431249841333232e-01   1.9393571531132289e-01  -9.0260375530245551e-01
  -9.1645546227363928e-01   3.7010013823459753e-02   3.9842182035088947e-01
   1.1054033004836933e-01   9.8037840268058152e-01   1.6321385508056077e-01
  -3.8456318154342878e-01   1.9362279141028660e-01  -9.0256416453029187e-01
  -9.1631486739354895e-01   3.7405645247506392e-02   3.9870814354612244e-01
   1.1082557125878389e-01   9.8042564087264883e-01   1.6273596658802880e-01
  -3.8481602339361426e-01   1.9330732625124067e-01  -9.0252401776927282e-01
  -9.1617291537925316e-01   3.7804656740031223e-02   3.9899661543671577e-01
   1.1111303082634462e-01   9.8047298514089387e-01   1.6225399526389500e-01
  -3.8507102539360305e-01   1.9298932188541554e-01  -9.0248330941721000e-01
  -9.1602960156450830e-01   3.8207050550544422e-02   3.9928723027473134e-01
   1.1140270495327077e-01   9.8052042837792974e-01   1.6176793839090520e-01
  -3.8532818898104532e-01   1.9266878038590707e-01  -9.0244203382613020e-01
  -9.1588492124694987e-01   3.8612828940819369e-02   3.9957998226051916e-01
   1.1169458980610594e-01   9.8056796341724795e-01   1.6127779323699187e-01
  -3.8558751560142879e-01   1.9234570384779501e-01  -9.0240018530229826e-01
  -9.1573886968815421e-01   3.9021994184736689e-02   3.9987486554261520e-01
   1.1198868151561285e-01   9.8061558303320817e-01   1.6078355705546274e-01
  -3.8584900670797884e-01   1.9202009438826179e-01  -9.0235775810623997e-01
  -9.1559144211369814e-01   3.9434548568127212e-02   4.0017187421763700e-01
   1.1228497617666727e-01   9.8066327994102998e-01   1.6028522708519033e-01
  -3.8611266376155823e-01   1.9169195414671311e-01  -9.0231474645276499e-01
  -9.1544263371322199e-01   3.9850494388613274e-02   4.0047100233017946e-01
   1.1258346984815143e-01   9.8071104679678422e-01   1.5978280055080374e-01
  -3.8637848823056575e-01   1.9136128528489860e-01  -9.0227114451099066e-01
  -9.1529243964049112e-01   4.0269833955448933e-02   4.0077224387271004e-01
   1.1288415855284663e-01   9.8075887619738467e-01   1.5927627466288158e-01
  -3.8664648159083392e-01   1.9102808998703369e-01  -9.0222694640436640e-01
  -9.1514085501345943e-01   4.0692569589358712e-02   4.0107559278546295e-01
   1.1318703827732494e-01   9.8080676068057948e-01   1.5876564661814685e-01
  -3.8691664532552622e-01   1.9069237045992266e-01  -9.0218214621069781e-01
  -9.1498787491433331e-01   4.1118703622374908e-02   4.0138104295633276e-01
   1.1349210497184069e-01   9.8085469272494452e-01   1.5825091359966331e-01
  -3.8718898092503279e-01   1.9035412893308190e-01  -9.0213673796217198e-01
  -9.1483349438963601e-01   4.1548238397673715e-02   4.0168858822076819e-01
   1.1379935455022062e-01   9.8090266474987342e-01   1.5773207277703372e-01
  -3.8746348988686580e-01   1.9001336765886478e-01  -9.0209071564538268e-01
  -9.1467770845027263e-01   4.1981176269409747e-02   4.0199822236166399e-01
   1.1410878288975405e-01   9.8095066911557249e-01   1.5720912130659934e-01
  -3.8774017371555403e-01   1.8967008891258691e-01  -9.0204407320135604e-01
  -9.1452051207159601e-01   4.2417519602549497e-02   4.0230993910925344e-01
   1.1442038583108165e-01   9.8099869812305174e-01   1.5668205633164131e-01
  -3.8801903392253595e-01   1.8932429499265233e-01  -9.0199680452557696e-01
  -9.1436190019347363e-01   4.2857270772703099e-02   4.0262373214099950e-01
   1.1473415917808390e-01   9.8104674401411884e-01   1.5615087498258390e-01
  -3.8830007202605227e-01   1.8897598822068110e-01  -9.0194890346801526e-01
  -9.1420186772035483e-01   4.3300432165955041e-02   4.0293959508148564e-01
   1.1505009869776908e-01   9.8109479897137164e-01   1.5561557437719892e-01
  -3.8858328955103821e-01   1.8862517094163669e-01  -9.0190036383315364e-01
  -9.1404040952133814e-01   4.3747006178693149e-02   4.0325752150230654e-01
   1.1536820012016002e-01   9.8114285511819210e-01   1.5507615162081226e-01
  -3.8886868802901370e-01   1.8827184552395557e-01  -9.0185117938001458e-01
  -9.1387752043024106e-01   4.4196995217436655e-02   4.0357750492195704e-01
   1.1568845913818057e-01   9.8119090451874047e-01   1.5453260380651163e-01
  -3.8915626899797368e-01   1.8791601435967659e-01  -9.0180134382218846e-01
  -9.1371319524566852e-01   4.4650401698662356e-02   4.0389953880572182e-01
   1.1601087140754142e-01   9.8123893917794791e-01   1.5398492801535657e-01
  -3.8944603400227706e-01   1.8755767986457189e-01  -9.0175085082786166e-01
  -9.1354742873108319e-01   4.5107228048629933e-02   4.0422361656556383e-01
   1.1633543254662482e-01   9.8128695104151242e-01   1.5343312131658934e-01
  -3.8973798459253500e-01   1.8719684447827811e-01  -9.0169969401984640e-01
  -9.1338021561487714e-01   4.5567476703205406e-02   4.0454973156001250e-01
   1.1666213813636943e-01   9.8133493199589195e-01   1.5287718076784837e-01
  -3.9003212232549822e-01   1.8683351066442919e-01  -9.0164786697560950e-01
  -9.1321155059044223e-01   4.6031150107683619e-02   4.0487787709405071e-01
   1.1699098372015350e-01   9.8138287386830092e-01   1.5231710341538238e-01
  -3.9032844876394318e-01   1.8646768091078936e-01  -9.0159536322730183e-01
  -9.1304142831624324e-01   4.6498250716609062e-02   4.0520804641900243e-01
   1.1732196480367829e-01   9.8143076842670374e-01   1.5175288629426709e-01
  -3.9062696547655806e-01   1.8609935772938721e-01  -9.0154217626178956e-01
  -9.1286984341589072e-01   4.6968780993595367e-02   4.0554023273241857e-01
   1.1765507685485037e-01   9.8147860737981141e-01   1.5118452642862318e-01
  -3.9092767403782719e-01   1.8572854365665090e-01  -9.0148829952068421e-01
  -9.1269679047821484e-01   4.7442743411143615e-02   4.0587442917796329e-01
   1.1799031530366330e-01   9.8152638237707679e-01   1.5061202083183561e-01
  -3.9123057602791483e-01   1.8535524125354380e-01  -9.0143372640037456e-01
  -9.1252226405733949e-01   4.7920140450458920e-02   4.0621062884529907e-01
   1.1832767554207885e-01   9.8157408500869103e-01   1.5003536650677538e-01
  -3.9153567303254805e-01   1.8497945310570119e-01  -9.0137845025205798e-01
  -9.1234625867275831e-01   4.8400974601265932e-02   4.0654882476997189e-01
   1.1866715292390739e-01   9.8162170680557925e-01   1.4945456044602229e-01
  -3.9184296664289880e-01   1.8460118182356783e-01  -9.0132246438177344e-01
  -9.1216876880941045e-01   4.8885248361622786e-02   4.0688900993329513e-01
   1.1900874276468777e-01   9.8166923923939864e-01   1.4886959963208968e-01
  -3.9215245845546520e-01   1.8422043004253624e-01  -9.0126576205043296e-01
  -9.1198978891775695e-01   4.9372964237733651e-02   4.0723117726223401e-01
   1.1935244034156653e-01   9.8171667372253457e-01   1.4828048103765071e-01
  -3.9246415007195123e-01   1.8383720042308616e-01  -9.0120833647385667e-01
  -9.1180931341385885e-01   4.9864124743760022e-02   4.0757531962928861e-01
   1.1969824089317641e-01   9.8176400160809829e-01   1.4768720162576673e-01
  -3.9277804309914677e-01   1.8345149565092422e-01  -9.0115018082280562e-01
  -9.1162733667945572e-01   5.0358732401630350e-02   4.0792142985237689e-01
   1.2004613961951453e-01   9.8181121418992501e-01   1.4708975835011665e-01
  -3.9309413914880548e-01   1.8306331843712512e-01  -9.0109128822301610e-01
  -9.1144385306204412e-01   5.0856789740848729e-02   4.0826950069471690e-01
   1.2039613168181940e-01   9.8185830270257113e-01   1.4648814815522856e-01
  -3.9341243983752278e-01   1.8267267151827327e-01  -9.0103165175523559e-01
  -9.1125885687495789e-01   5.1358299298301602e-02   4.0861952486470898e-01
   1.2074821220244805e-01   9.8190525832131503e-01   1.4588236797671283e-01
  -3.9373294678661214e-01   1.8227955765660525e-01  -9.0097126445525666e-01
  -9.1107234239744928e-01   5.1863263618063579e-02   4.0897149501581714e-01
   1.2110237626475170e-01   9.8195207216215308e-01   1.4527241474149688e-01
  -3.9405566162198108e-01   1.8188397964015343e-01  -9.0091011931395437e-01
  -9.1088430387476915e-01   5.2371685251201519e-02   4.0932540374645016e-01
   1.2145861891295184e-01   9.8199873528180137e-01   1.4465828536806175e-01
  -3.9438058597400599e-01   1.8148594028289000e-01  -9.0084820927732223e-01
  -9.1069473551825086e-01   5.2883566755577344e-02   4.0968124359984187e-01
   1.2181693515201462e-01   9.8204523867769422e-01   1.4403997676668029e-01
  -3.9470772147740596e-01   1.8108544242487190e-01  -9.0078552724650929e-01
  -9.1050363150539249e-01   5.3398910695649546e-02   4.1003900706393165e-01
   1.2217731994752552e-01   9.8209157328798480e-01   1.4341748583965697e-01
  -3.9503706977111624e-01   1.8068248893238700e-01  -9.0072206607785799e-01
  -9.1031098597994031e-01   5.3917719642272988e-02   4.1039868657124373e-01
   1.2253976822556301e-01   9.8213772999154536e-01   1.4279080948156958e-01
  -3.9536863249815984e-01   1.8027708269810064e-01  -9.0065781858294214e-01
  -9.1011679305197468e-01   5.4439996172497666e-02   4.1076027449876673e-01
   1.2290427487257169e-01   9.8218369960796825e-01   1.4215994457951256e-01
  -3.9570241130551942e-01   1.7986922664120286e-01  -9.0059277752860623e-01
  -9.0992104679799446e-01   5.4965742869365716e-02   4.1112376316783256e-01
   1.2327083473523495e-01   9.8222947289756812e-01   1.4152488801334184e-01
  -3.9603840784400723e-01   1.7945892370755712e-01  -9.0052693563700426e-01
  -9.0972374126100386e-01   5.5494962321707211e-02   4.1148914484399457e-01
   1.2363944262034687e-01   9.8227504056138248e-01   1.4088563665592180e-01
  -3.9637662376813454e-01   1.7904617686984919e-01  -9.0046028558564051e-01
  -9.0952487045059971e-01   5.6027657123934538e-02   4.1185641173690551e-01
   1.2401009329468381e-01   9.8232039324117448e-01   1.4024218737337349e-01
  -3.9671706073598051e-01   1.7863098912773692e-01  -9.0039282000740917e-01
  -9.0932442834305893e-01   5.6563829875835310e-02   4.1222555600019556e-01
   1.2438278148487511e-01   9.8236552151943657e-01   1.3959453702532493e-01
  -3.9705972040905979e-01   1.7821336350800138e-01  -9.0032453149063629e-01
  -9.0912240888142815e-01   5.7103483182363822e-02   4.1259656973134901e-01
   1.2475750187727366e-01   9.8241041591939227e-01   1.3894268246516267e-01
  -3.9740460445218906e-01   1.7779330306469798e-01  -9.0025541257912123e-01
  -9.0891880597561236e-01   5.7646619653431160e-02   4.1296944497158156e-01
   1.2513424911782545e-01   9.8245506690500051e-01   1.3828662054028590e-01
  -3.9775171453335301e-01   1.7737081087930895e-01  -9.0018545577217957e-01
  -9.0871361350246638e-01   5.8193241903693849e-02   4.1334417370571636e-01
   1.2551301781193885e-01   9.8249946488096029e-01   1.3762634809236102e-01
  -3.9810105232356924e-01   1.7694589006089650e-01  -9.0011465352468489e-01
  -9.0850682530588567e-01   5.8743352552341151e-02   4.1372074786206037e-01
   1.2589380252435337e-01   9.8254360019271414e-01   1.3696186195757926e-01
  -3.9845261949675237e-01   1.7651854374625661e-01  -9.0004299824711420e-01
  -9.0829843519689868e-01   5.9296954222880734e-02   4.1409915931227975e-01
   1.2627659777900768e-01   9.8258746312645462e-01   1.3629315896691505e-01
  -3.9880641772957703e-01   1.7608877510007376e-01  -8.9997048230559096e-01
  -9.0808843695376040e-01   5.9854049542923220e-02   4.1447939987127580e-01
   1.2666139805890747e-01   9.8263104390912881e-01   1.3562023594638656e-01
  -3.9916244870134027e-01   1.7565658731507644e-01  -8.9989709802193041e-01
  -9.0787682432204475e-01   6.0414641143965039e-02   4.1486146129705909e-01
   1.2704819780599208e-01   9.8267433270844495e-01   1.3494308971731794e-01
  -3.9952071409382250e-01   1.7522198361219329e-01  -8.9982283767368532e-01
  -9.0766359101474170e-01   6.0978731661169981e-02   4.1524533529062496e-01
   1.2743699142100165e-01   9.8271731963287945e-01   1.3426171709660314e-01
  -3.9988121559114820e-01   1.7478496724071027e-01  -8.9974769349419192e-01
  -9.0744873071235077e-01   6.1546323733149312e-02   4.1563101349582721e-01
   1.2782777326334255e-01   9.8275999473168318e-01   1.3357611489697147e-01
  -4.0024395487964520e-01   1.7434554147842835e-01  -8.9967165767261725e-01
  -9.0723223706297973e-01   6.2117420001740350e-02   4.1601848749925263e-01
   1.2822053765095345e-01   9.8280234799489086e-01   1.3288627992725516e-01
  -4.0060893364770339e-01   1.7390370963182211e-01  -8.9959472235400606e-01
