  -9.2451300000000003e-01   1.3549600000000000e-02   3.8091000000000003e-01
   9.3234100000000000e-02   9.7704400000000002e-01   1.9155200000000000e-01
  -3.6957000000000001e-01   2.1260899999999999e-01  -9.0455300000000005e-01
  -9.2451300000000003e-01   1.3549600000000000e-02   3.8091000000000003e-01
   9.3234100000000000e-02   9.7704400000000002e-01   1.9155200000000000e-01
  -3.6957000000000001e-01   2.1260899999999999e-01  -9.0455300000000005e-01
  -9.2451294044564991e-01   1.3549779623213423e-02   3.8091013815578678e-01
   9.3234235500197452e-02   9.7704402960728431e-01   1.9155178303076142e-01
  -3.6957011479435797e-01   2.1260885249559885e-01  -9.0455298776875970e-01
  -9.2451276178235597e-01   1.3550318492986822e-02   3.8091055262286910e-01
   9.3234642000610657e-02   9.7704411842877859e-01   1.9155113212288494e-01
  -3.6957045917751707e-01   2.1260840998248556e-01  -9.0455295107474976e-01
  -9.2451246400938702e-01   1.3551216609719658e-02   3.8091124340041244e-01
   9.3235319500702088e-02   9.7704426646340703e-01   1.9155004727588795e-01
  -3.6957103314973261e-01   2.1260767246093062e-01  -9.0455288991710425e-01
  -9.2451204712552515e-01   1.3552473974077621e-02   3.8091221048702617e-01
   9.3236267999575864e-02   9.7704447370937664e-01   1.9154852848896639e-01
  -3.6957183671142996e-01   2.1260663993138484e-01  -9.0455280429437979e-01
  -9.2451151112906482e-01   1.3554090586992713e-02   3.8091345388076331e-01
   9.3237487495977808e-02   9.7704474016417719e-01   1.9154657576099449e-01
  -3.6957286986320464e-01   2.1260531239447933e-01  -9.0455269420455575e-01
  -9.2451085601781324e-01   1.3556066449663199e-02   3.8091497357912085e-01
   9.3238977988295349e-02   9.7704506582458173e-01   1.9154418909052481e-01
  -3.6957413260582278e-01   2.1260368985102554e-01  -9.0455255964503378e-01
  -9.2451008178909011e-01   1.3558401563553642e-02   3.8091676957903897e-01
   9.3240739474557535e-02   9.7704545068664506e-01   1.9154136847578826e-01
  -3.6957562494022006e-01   2.1260177230201530e-01  -9.0455240061263853e-01
  -9.2450918843972851e-01   1.3561095930394841e-02   3.8091884187690200e-01
   9.3242771952435036e-02   9.7704589474570569e-01   1.9153811391469414e-01
  -3.6957734686750282e-01   2.1259955974862071e-01  -9.0455221710361700e-01
  -9.2450817596607349e-01   1.3564149552183821e-02   3.8092119046853778e-01
   9.3245075419240264e-02   9.7704639799638482e-01   1.9153442540483021e-01
  -3.6957929838894721e-01   2.1259705219219432e-01  -9.0455200911363920e-01
  -9.2450704436398323e-01   1.3567562431183877e-02   3.8092381534921804e-01
   9.3247649871927102e-02   9.7704696043258610e-01   1.9153030294346257e-01
  -3.6958147950599973e-01   2.1259424963426896e-01  -9.0455177663779751e-01
  -9.2450579362882868e-01   1.3571334569924497e-02   3.8092671651365800e-01
   9.3250495307091119e-02   9.7704758204749598e-01   1.9152574652753576e-01
  -3.6958389022027699e-01   2.1259115207655785e-01  -9.0455151967060676e-01
  -9.2450442375549347e-01   1.3575465971201394e-02   3.8092989395601656e-01
   9.3253611720969493e-02   9.7704826283358415e-01   1.9152075615367281e-01
  -3.6958653053356566e-01   2.1258775952095463e-01  -9.0455123820600514e-01
  -9.2450293473837408e-01   1.3579956638076459e-02   3.8093334766989628e-01
   9.3256999109440880e-02   9.7704900278260276e-01   1.9151533181817509e-01
  -3.6958940044782274e-01   2.1258407196953333e-01  -9.0455093223735261e-01
  -9.2450132657137929e-01   1.3584806573877737e-02   3.8093707764834345e-01
   9.3260657468025615e-02   9.7704980188558666e-01   1.9150947351702260e-01
  -3.6959249996517490e-01   2.1258008942454837e-01  -9.0455060175743240e-01
  -9.2449959924793101e-01   1.3590015782199479e-02   3.8094108388384784e-01
   9.3264586791885457e-02   9.7705066013285369e-01   1.9150318124587376e-01
  -3.6959582908791933e-01   2.1257581188843463e-01  -9.0455024675844997e-01
  -9.2449775276096402e-01   1.3595584266901956e-02   3.8094536636834297e-01
   9.3268787075823867e-02   9.7705157751400440e-01   1.9149645500006562e-01
  -3.6959938781852314e-01   2.1257123936380753e-01  -9.0454986723203379e-01
  -9.2449578710292590e-01   1.3601512032111596e-02   3.8094992509320591e-01
   9.3273258314285679e-02   9.7705255401792246e-01   1.9148929477461371e-01
  -3.6960317615962351e-01   2.1256637185346280e-01  -9.0454946316923501e-01
  -9.2449370226577654e-01   1.3607799082220944e-02   3.8095476004925732e-01
   9.3278000501357261e-02   9.7705358963277344e-01   1.9148170056421226e-01
  -3.6960719411402759e-01   2.1256120936037678e-01  -9.0454903456052693e-01
  -9.2449149824098920e-01   1.3614445421888530e-02   3.8095987122676112e-01
   9.3283013630766437e-02   9.7705468434600617e-01   1.9147367236323395e-01
  -3.6961144168471266e-01   2.1255575188770628e-01  -9.0454858139580585e-01
  -9.2448917501954930e-01   1.3621451056038885e-02   3.8096525861542518e-01
   9.3288297695882538e-02   9.7705583814435282e-01   1.9146521016573040e-01
  -3.6961591887482598e-01   2.1254999943878869e-01  -9.0454810366439098e-01
  -9.2448673259195580e-01   1.3628815989862585e-02   3.8097092220440065e-01
   9.3293852689716267e-02   9.7705705101382745e-01   1.9145631396543172e-01
  -3.6962062568768483e-01   2.1254395201714196e-01  -9.0454760135502355e-01
  -9.2448417094822000e-01   1.3636540228816104e-02   3.8097686198228214e-01
   9.3299678604919722e-02   9.7705832293972716e-01   1.9144698375574690e-01
  -3.6962556212677627e-01   2.1253760962646462e-01  -9.0454707445586813e-01
  -9.2448149007786629e-01   1.3644623778621912e-02   3.8098307793710773e-01
   9.3305775433786389e-02   9.7705965390663185e-01   1.9143721952976356e-01
  -3.6963072819575771e-01   2.1253097227063586e-01  -9.0454652295451143e-01
  -9.2447868996993154e-01   1.3653066645268224e-02   3.8098957005635897e-01
   9.3312143168251177e-02   9.7706104389840420e-01   1.9142702128024841e-01
  -3.6963612389845601e-01   2.1252403995371544e-01  -9.0454594683796308e-01
  -9.2447577061296615e-01   1.3661868835009186e-02   3.8099633832696078e-01
   9.3318781799890255e-02   9.7706249289818947e-01   1.9141638899964689e-01
  -3.6964174923886822e-01   2.1251681267994391e-01  -9.0454534609265536e-01
  -9.2447273199503244e-01   1.3671030354364809e-02   3.8100338273528128e-01
   9.3325691319920953e-02   9.7706400088841583e-01   1.9140532268008326e-01
  -3.6964760422116116e-01   2.1250929045374253e-01  -9.0454472070444314e-01
  -9.2446957410370678e-01   1.3680551210120719e-02   3.8101070326713227e-01
   9.3332871719202140e-02   9.7706556785079424e-01   1.9139382231336094e-01
  -3.6965368884967165e-01   2.1250147327971319e-01  -9.0454407065860420e-01
  -9.2446629692607718e-01   1.3690431409328392e-02   3.8101829990776842e-01
   9.3340322988233623e-02   9.7706719376631779e-01   1.9138188789096230e-01
  -3.6966000312890607e-01   2.1249336116263867e-01  -9.0454339593983846e-01
  -9.2446290044874579e-01   1.3700670959304889e-02   3.8102617264188804e-01
   9.3348045117156622e-02   9.7706887861526281e-01   1.9136951940404887e-01
  -3.6966654706354074e-01   2.1248495410748258e-01  -9.0454269653226915e-01
  -9.2445938465782684e-01   1.3711269867632946e-02   3.8103432145363242e-01
   9.3356038095753408e-02   9.7707062237718856e-01   1.9135671684346114e-01
  -3.6967332065842179e-01   2.1247625211938939e-01  -9.0454197241944179e-01
  -9.2445574953894782e-01   1.3722228142160887e-02   3.8104274632658608e-01
   9.3364301913447342e-02   9.7707242503093639e-01   1.9134348019971897e-01
  -3.6968032391856498e-01   2.1246725520368445e-01  -9.0454122358432476e-01
  -9.2445199507724907e-01   1.3733545791002496e-02   3.8105144724377682e-01
   9.3372836559302994e-02   9.7707428655463047e-01   1.9132980946302153e-01
  -3.6968755684915583e-01   2.1245796336587397e-01  -9.0454045000930927e-01
  -9.2444812125738396e-01   1.3745222822537153e-02   3.8106042418767533e-01
   9.3381642022025826e-02   9.7707620692567776e-01   1.9131570462324701e-01
  -3.6969501945554950e-01   2.1244837661164531e-01  -9.0453965167620853e-01
  -9.2444412806351917e-01   1.3757259245409541e-02   3.8106967714019557e-01
   9.3390718289962468e-02   9.7707818612076813e-01   1.9130116566995334e-01
  -3.6970271174327074e-01   2.1243849494686670e-01  -9.0453882856625922e-01
  -9.2444001547933385e-01   1.3769655068529783e-02   3.8107920608269447e-01
   9.3400065351100361e-02   9.7708022411587370e-01   1.9128619259237767e-01
  -3.6971063371801399e-01   2.1242831837758760e-01  -9.0453798066012070e-01
  -9.2443578348802058e-01   1.3782410301073328e-02   3.8108901099597181e-01
   9.3409683193067972e-02   9.7708232088624936e-01   1.9127078537943673e-01
  -3.6971878538564323e-01   2.1241784691003845e-01  -9.0453710793787434e-01
  -9.2443143207228495e-01   1.3795524952480823e-02   3.8109909186027052e-01
   9.3419571803134635e-02   9.7708447640643281e-01   1.9125494401972687e-01
  -3.6972716675219180e-01   2.1240708055063093e-01  -9.0453621037902499e-01
  -9.2442696121434531e-01   1.3808999032458183e-02   3.8110944865527629e-01
   9.3429731168210420e-02   9.7708669065024423e-01   1.9123866850152410e-01
  -3.6973577782386285e-01   2.1239601930595792e-01  -9.0453528796249971e-01
  -9.2442237089593360e-01   1.3822832550976400e-02   3.8112008136011771e-01
   9.3440161274846306e-02   9.7708896359078623e-01   1.9122195881278409e-01
  -3.6974461860702867e-01   2.1238466318279356e-01  -9.0453434066664851e-01
  -9.2441766109829449e-01   1.3837025518271553e-02   3.8113098995336603e-01
   9.3450862109233965e-02   9.7709129520044424e-01   1.9120481494114241e-01
  -3.6975368910823109e-01   2.1237301218809329e-01  -9.0453336846924381e-01
  -9.2441283180218614e-01   1.3851577944844734e-02   3.8114217441303561e-01
   9.3461833657205770e-02   9.7709368545088660e-01   1.9118723687391448e-01
  -3.6976298933418134e-01   2.1236106632899399e-01  -9.0453237134748166e-01
  -9.2440788298787913e-01   1.3866489841462007e-02   3.8115363471658298e-01
   9.3473075904234634e-02   9.7709613431306341e-01   1.9116922459809571e-01
  -3.6977251929175980e-01   2.1234882561281390e-01  -9.0453134927797940e-01
  -9.2440281463515828e-01   1.3881761219154260e-02   3.8116537084090774e-01
   9.3484588835434229e-02   9.7709864175720829e-01   1.9115077810036149e-01
  -3.6978227898801641e-01   2.1233629004705273e-01  -9.0453030223677844e-01
  -9.2439762672332082e-01   1.3897392089217192e-02   3.8117738276235191e-01
   9.3496372435558625e-02   9.7710120775283682e-01   1.9113189736706748e-01
  -3.6979226843017005e-01   2.1232345963939186e-01  -9.0452923019934228e-01
  -9.2439231923117771e-01   1.3913382463211266e-02   3.8118967045669999e-01
   9.3508426689002430e-02   9.7710383226874697e-01   1.9111258238424947e-01
  -3.6980248762560897e-01   2.1231033439769406e-01  -9.0452813314055702e-01
  -9.2438689213705261e-01   1.3929732352961554e-02   3.8120223389917912e-01
   9.3520751579800651e-02   9.7710651527301984e-01   1.9109283313762351e-01
  -3.6981293658189052e-01   2.1229691433000394e-01  -9.0452701103473199e-01
  -9.2438134541878303e-01   1.3946441770557752e-02   3.8121507306445879e-01
   9.3533347091628749e-02   9.7710925673301885e-01   1.9107264961258627e-01
  -3.6982361530674118e-01   2.1228319944454771e-01  -9.0452586385559897e-01
  -9.2437567905371953e-01   1.3963510728353992e-02   3.8122818792665092e-01
   9.3546213207802445e-02   9.7711205661538980e-01   1.9105203179421471e-01
  -3.6983452380805626e-01   2.1226918974973338e-01  -9.0452469157631277e-01
  -9.2436989301872596e-01   1.3980939238968985e-02   3.8124157845930934e-01
   9.3559349911277581e-02   9.7711491488606095e-01   1.9103097966726632e-01
  -3.6984566209390041e-01   2.1225488525415101e-01  -9.0452349416945055e-01
  -9.2436398729017955e-01   1.3998727315285599e-02   3.8125524463543076e-01
   9.3572757184650440e-02   9.7711783151024301e-01   1.9100949321617960e-01
  -3.6985703017250698e-01   2.1224028596657218e-01  -9.0452227160701248e-01
  -9.2435796184397090e-01   1.4016874970451104e-02   3.8126918642745355e-01
   9.3586435010157273e-02   9.7712080645242971e-01   1.9098757242507350e-01
  -3.6986862805227816e-01   2.1222539189595085e-01  -9.0452102386042144e-01
  -9.2435181665550425e-01   1.4035382217876889e-02   3.8128340380725850e-01
   9.3600383369674398e-02   9.7712383967639649e-01   1.9096521727774804e-01
  -3.6988045574178535e-01   2.1221020305142277e-01  -9.0451975090052339e-01
  -9.2434555169969690e-01   1.4054249071238499e-02   3.8129789674616821e-01
   9.3614602244718195e-02   9.7712693114520166e-01   1.9094242775768416e-01
  -3.6989251324976824e-01   2.1219471944230586e-01  -9.0451845269758668e-01
  -9.2433916695097995e-01   1.4073475544475389e-02   3.8131266521494750e-01
   9.3629091616444976e-02   9.7713008082118613e-01   1.9091920384804398e-01
  -3.6990480058513553e-01   2.1217894107810034e-01  -9.0451712922130256e-01
  -9.2433266238329803e-01   1.4093061651791004e-02   3.8132770918380293e-01
   9.3643851465650935e-02   9.7713328866597260e-01   1.9089554553167074e-01
  -3.6991731775696463e-01   2.1216286796848849e-01  -9.0451578044078529e-01
  -9.2432603797010870e-01   1.4113007407652672e-02   3.8134302862238301e-01
   9.3658881772771971e-02   9.7713655464046678e-01   1.9087145279108889e-01
  -3.6993006477450141e-01   2.1214650012333519e-01  -9.0451440632457147e-01
  -9.2431929368438415e-01   1.4133312826791334e-02   3.8135862349977789e-01
   9.3674182517883883e-02   9.7713987870485663e-01   1.9084692560850455e-01
  -3.6994304164716035e-01   2.1212983755268749e-01  -9.0451300684062130e-01
  -9.2431242949860881e-01   1.4153977924201656e-02   3.8137449378451965e-01
   9.3689753680702009e-02   9.7714326081861225e-01   1.9082196396580522e-01
  -3.6995624838452446e-01   2.1211288026677508e-01  -9.0451158195631687e-01
  -9.2430544538478199e-01   1.4175002715141882e-02   3.8139063944458163e-01
   9.3705595240581266e-02   9.7714670094048617e-01   1.9079656784456003e-01
  -3.6996968499634514e-01   2.1209562827601011e-01  -9.0451013163846372e-01
  -9.2429834131441602e-01   1.4196387215133610e-02   3.8140706044737926e-01
   9.3721707176516261e-02   9.7715019902851341e-01   1.9077073722601998e-01
  -3.6998335149254225e-01   2.1207808159098743e-01  -9.0450865585329032e-01
  -9.2429111725853674e-01   1.4218131439961888e-02   3.8142375675976892e-01
   9.3738089467140864e-02   9.7715375504001156e-01   1.9074447209111783e-01
  -3.6999724788320371e-01   2.1206024022248463e-01  -9.0450715456644737e-01
  -9.2428377318768440e-01   1.4240235405674992e-02   3.8144072834804876e-01
   9.3754742090728344e-02   9.7715736893157978e-01   1.9071777242046847e-01
  -3.7001137417858604e-01   2.1204210418146213e-01  -9.0450562774300880e-01
  -9.2427630907191249e-01   1.4262699128584305e-02   3.8145797517795799e-01
   9.3771665025191367e-02   9.7716104065909992e-01   1.9069063819436885e-01
  -3.7002573038911357e-01   2.1202367347906309e-01  -9.0450407534747146e-01
  -9.2426872488078837e-01   1.4285522625264325e-02   3.8147549721467733e-01
   9.3788858248081725e-02   9.7716477017773673e-01   1.9066306939279815e-01
  -3.7004031652537916e-01   2.1200494812661391e-01  -9.0450249734375499e-01
  -9.2426102058339310e-01   1.4308705912552474e-02   3.8149329442282837e-01
   9.3806321736590370e-02   9.7716855744193598e-01   1.9063506599541799e-01
  -3.7005513259814343e-01   2.1198592813562378e-01  -9.0450089369520181e-01
  -9.2425319614832202e-01   1.4332249007548994e-02   3.8151136676647407e-01
   9.3824055467547282e-02   9.7717240240542658e-01   1.9060662798157249e-01
  -3.7007017861833497e-01   2.1196661351778526e-01  -9.0449926436457739e-01
  -9.2424525154368387e-01   1.4356151927616825e-02   3.8152971420911819e-01
   9.3842059417421533e-02   9.7717630502121955e-01   1.9057775533028840e-01
  -3.7008545459705022e-01   2.1194700428497393e-01  -9.0449760931406986e-01
  -9.2423718673710176e-01   1.4380414690381630e-02   3.8154833671370547e-01
   9.3860333562320888e-02   9.7718026524160784e-01   1.9054844802027526e-01
  -3.7010096054555386e-01   2.1192710044924892e-01  -9.0449592850529026e-01
  -9.2422900169571254e-01   1.4405037313731434e-02   3.8156723424262151e-01
   9.3878877877992123e-02   9.7718428301816695e-01   1.9051870602992554e-01
  -3.7011669647527790e-01   2.1190690202285273e-01  -9.0449422189927298e-01
  -9.2422069638616700e-01   1.4430019815816786e-02   3.8158640675769268e-01
   9.3897692339820607e-02   9.7718835830175399e-01   1.9048852933731469e-01
  -3.7013266239782217e-01   2.1188640901821124e-01  -9.0449248945647454e-01
  -9.2421227077463020e-01   1.4455362215050459e-02   3.8160585422018578e-01
   9.3916776922830347e-02   9.7719249104250860e-01   1.9045791792020134e-01
  -3.7014885832495420e-01   2.1186562144793408e-01  -9.0449073113677514e-01
  -9.2420372482678115e-01   1.4481064530107328e-02   3.8162557659080854e-01
   9.3936131601683959e-02   9.7719668118985303e-01   1.9042687175602760e-01
  -3.7016528426860906e-01   2.1184453932481451e-01  -9.0448894689947745e-01
  -9.2419505850781292e-01   1.4507126779924389e-02   3.8164557382970887e-01
   9.3955756350682471e-02   9.7720092869249053e-01   1.9039539082191898e-01
  -3.7018194024088913e-01   2.1182316266182968e-01  -9.0448713670330727e-01
  -9.2418627178243296e-01   1.4533548983700533e-02   3.8166584589647512e-01
   9.3975651143765326e-02   9.7720523349840749e-01   1.9036347509468449e-01
  -3.7019882625406447e-01   2.1180149147214053e-01  -9.0448530050641307e-01
  -9.2417736461486266e-01   1.4560331160896422e-02   3.8168639275013605e-01
   9.3995815954510190e-02   9.7720959555487186e-01   1.9033112455081708e-01
  -3.7021594232057198e-01   2.1177952576909215e-01  -9.0448343826636668e-01
  -9.2416833696883816e-01   1.4587473331234443e-02   3.8170721434916050e-01
   9.4016250756132902e-02   9.7721401480843351e-01   1.9029833916649350e-01
  -3.7023328845301640e-01   2.1175726556621355e-01  -9.0448154994016261e-01
  -9.2415918880760906e-01   1.4614975514698467e-02   3.8172831065145735e-01
   9.4036955521487414e-02   9.7721849120492477e-01   1.9026511891757464e-01
  -3.7025086466416901e-01   2.1173471087721812e-01  -9.0447963548421850e-01
  -9.2414992009393981e-01   1.4642837731533839e-02   3.8174968161437556e-01
   9.4057930223065675e-02   9.7722302468945965e-01   1.9023146377960556e-01
  -3.7026867096696875e-01   2.1171186171600348e-01  -9.0447769485437468e-01
  -9.2414053079010972e-01   1.4671060002247136e-02   3.8177132719470414e-01
   9.4079174832997589e-02   9.7722761520643442e-01   1.9019737372781581e-01
  -3.7028670737452102e-01   2.1168871809665160e-01  -9.0447572800589482e-01
  -9.2413102085791177e-01   1.4699642347606141e-02   3.8179324734867170e-01
   9.4100689323050740e-02   9.7723226269952712e-01   1.9016284873711933e-01
  -3.7030497390009853e-01   2.1166528003342910e-01  -9.0447373489346550e-01
  -9.2412139025865325e-01   1.4728584788639705e-02   3.8181544203194645e-01
   9.4122473664630418e-02   9.7723696711169772e-01   1.9012788878211478e-01
  -3.7032347055714065e-01   2.1164154754078721e-01  -9.0447171547119598e-01
  -9.2411163895315662e-01   1.4757887346637431e-02   3.8183791119963656e-01
   9.4144527828779620e-02   9.7724172838518841e-01   1.9009249383708585e-01
  -3.7034219735925322e-01   2.1161752063336184e-01  -9.0446966969261910e-01
  -9.2410176690175871e-01   1.4787550043149847e-02   3.8186065480628928e-01
   9.4166851786178715e-02   9.7724654646152320e-01   1.9005666387600098e-01
  -3.7036115432020938e-01   2.1159319932597376e-01  -9.0446759751069017e-01
  -9.2409177406431087e-01   1.4817572899987990e-02   3.8188367280589158e-01
   9.4189445507145544e-02   9.7725142128150733e-01   1.9002039887251401e-01
  -3.7038034145394816e-01   2.1156858363362885e-01  -9.0446549887778804e-01
  -9.2408166040017892e-01   1.4847955939223421e-02   3.8190696515186950e-01
   9.4212308961635211e-02   9.7725635278522893e-01   1.8998369879996410e-01
  -3.7039975877457543e-01   2.1154367357151779e-01  -9.0446337374571417e-01
  -9.2407142586824365e-01   1.4878699183187988e-02   3.8193053179708841e-01
   9.4235442119239982e-02   9.7726134091205752e-01   1.8994656363137591e-01
  -3.7041940629636338e-01   2.1151846915501676e-01  -9.0446122206569324e-01
  -9.2406107042690055e-01   1.4909802654473852e-02   3.8195437269385257e-01
   9.4258844949189208e-02   9.7726638560064405e-01   1.8990899333945976e-01
  -3.7043928403375043e-01   2.1149297039968706e-01  -9.0445904378837327e-01
  -9.2405059403405976e-01   1.4941266375933075e-02   3.8197848779390542e-01
   9.4282517420349252e-02   9.7727148678892206e-01   1.8987098789661191e-01
  -3.7045939200134120e-01   2.1146717732127548e-01  -9.0445683886382500e-01
  -9.2403999664714620e-01   1.4973090370677775e-02   3.8200287704842895e-01
   9.4306459501223211e-02   9.7727664441410600e-01   1.8983254727491461e-01
  -3.7047973021390646e-01   2.1144108993571437e-01  -9.0445460724154192e-01
  -9.2402927822310010e-01   1.5005274662079704e-02   3.8202754040804421e-01
   9.4330671159951071e-02   9.7728185841269299e-01   1.8979367144613643e-01
  -3.7050029868638307e-01   2.1141470825912173e-01  -9.0445234887044168e-01
  -9.2401843871837641e-01   1.5037819273770285e-02   3.8205247782281060e-01
   9.4355152364309386e-02   9.7728712872046120e-01   1.8975436038173232e-01
  -3.7052109743387363e-01   2.1138803230780129e-01  -9.0445006369886427e-01
  -9.2400747808894457e-01   1.5070724229640403e-02   3.8207768924222613e-01
   9.4379903081711222e-02   9.7729245527247055e-01   1.8971461405284371e-01
  -3.7054212647164658e-01   2.1136106209824287e-01  -9.0444775167457270e-01
  -9.2399639629028996e-01   1.5103989553840243e-02   3.8210317461522719e-01
   9.4404923279206035e-02   9.7729783800306291e-01   1.8967443243029897e-01
  -3.7056338581513626e-01   2.1133379764712218e-01  -9.0444541274475354e-01
  -9.2398519327741224e-01   1.5137615270779118e-02   3.8212893389018848e-01
   9.4430212923479626e-02   9.7730327684586171e-01   1.8963381548461333e-01
  -3.7058487547994245e-01   2.1130623897130110e-01  -9.0444304685601629e-01
  -9.2397386900482681e-01   1.5171601405125358e-02   3.8215496701492269e-01
   9.4455771980853934e-02   9.7730877173377217e-01   1.8959276318598917e-01
  -3.7060659548183045e-01   2.1127838608782795e-01  -9.0444065395439366e-01
  -9.2396242342656421e-01   1.5205947981806141e-02   3.8218127393668083e-01
   9.4481600417286954e-02   9.7731432259898032e-01   1.8955127550431630e-01
  -3.7062854583673122e-01   2.1125023901393733e-01  -9.0443823398534151e-01
  -9.2395085649616959e-01   1.5240655026007284e-02   3.8220785460215145e-01
   9.4507698198372597e-02   9.7731992937295509e-01   1.8950935240917202e-01
  -3.7065072656074072e-01   2.1122179776705041e-01  -9.0443578689373894e-01
  -9.2393916816670418e-01   1.5275722563173128e-02   3.8223470895746126e-01
   9.4534065289340691e-02   9.7732559198644609e-01   1.8946699386982135e-01
  -3.7067313767012028e-01   2.1119306236477509e-01  -9.0443331262388804e-01
  -9.2392735839074414e-01   1.5311150619006425e-02   3.8226183694817428e-01
   9.4560701655056589e-02   9.7733131036948429e-01   1.8942419985521719e-01
  -3.7069577918129631e-01   2.1116403282490609e-01  -9.0443081111951440e-01
  -9.2391542712038122e-01   1.5346939219468074e-02   3.8228923851929225e-01
   9.4587607260021286e-02   9.7733708445138268e-01   1.8938097033400061e-01
  -3.7071865111086044e-01   2.1113470916542507e-01  -9.0442828232376626e-01
  -9.2390337430722258e-01   1.5383088390776943e-02   3.8231691361525438e-01
   9.4614782068371345e-02   9.7734291416073571e-01   1.8933730527450110e-01
  -3.7074175347556881e-01   2.1110509140450076e-01  -9.0442572617921591e-01
  -9.2389119990239110e-01   1.5419598159409841e-02   3.8234486217993696e-01
   9.4642226043878466e-02   9.7734879942541897e-01   1.8929320464473651e-01
  -3.7076508629234256e-01   2.1107517956048916e-01  -9.0442314262785839e-01
  -9.2387890385652460e-01   1.5456468552101213e-02   3.8237308415665361e-01
   9.4669939149949617e-02   9.7735474017258961e-01   1.8924866841241358e-01
  -3.7078864957826763e-01   2.1104497365193362e-01  -9.0442053161111191e-01
  -9.2386648611977762e-01   1.5493699595843022e-02   3.8240157948815495e-01
   9.4697921349626860e-02   9.7736073632868625e-01   1.8920369654492789e-01
  -3.7081244335059421e-01   2.1101447369756499e-01  -9.0441789306981824e-01
  -9.2385394664181919e-01   1.5531291317884636e-02   3.8243034811662818e-01
   9.4726172605587064e-02   9.7736678781942876e-01   1.8915828900936416e-01
  -3.7083646762673744e-01   2.1098367971630178e-01  -9.0441522694424181e-01
  -9.2384128537183519e-01   1.5569243745732427e-02   3.8245938998369788e-01
   9.4754692880142141e-02   9.7737289456981846e-01   1.8911244577249661e-01
  -3.7086072242427620e-01   2.1095259172725020e-01  -9.0441253317407155e-01
  -9.2382850225852653e-01   1.5607556907149938e-02   3.8248870503042470e-01
   9.4783482135238420e-02   9.7737905650413792e-01   1.8906616680078889e-01
  -3.7088520776095418e-01   2.1092120974970460e-01  -9.0440981169841839e-01
  -9.2381559725011042e-01   1.5646230830157419e-02   3.8251829319730590e-01
   9.4812540332456896e-02   9.7738527354595106e-01   1.8901945206039447e-01
  -3.7090992365467884e-01   2.1088953380314723e-01  -9.0440706245581726e-01
  -9.2380257029432000e-01   1.5685265543031800e-02   3.8254815442427520e-01
   9.4841867433012914e-02   9.7739154561810282e-01   1.8897230151715688e-01
  -3.7093487012352189e-01   2.1085756390724861e-01  -9.0440428538422624e-01
  -9.2378942133840414e-01   1.5724661074306357e-02   3.8257828865070265e-01
   9.4871463397756234e-02   9.7739787264271993e-01   1.8892471513660991e-01
  -3.7096004718571868e-01   2.1082530008186762e-01  -9.0440148042102708e-01
  -9.2377615032912797e-01   1.5764417452770754e-02   3.8260869581539392e-01
   9.4901328187170536e-02   9.7740425454120983e-01   1.8887669288397771e-01
  -3.7098545485966838e-01   2.1079274234705181e-01  -9.0439864750302434e-01
  -9.2376275721277257e-01   1.5804534707470726e-02   3.8263937585659102e-01
   9.4931461761373542e-02   9.7741069123426094e-01   1.8882823472417504e-01
  -3.7101109316393421e-01   2.1075989072303719e-01  -9.0439578656644626e-01
  -9.2374924193513575e-01   1.5845012867707772e-02   3.8267032871197160e-01
   9.4961864080116989e-02   9.7741718264184352e-01   1.8877934062180782e-01
  -3.7103696211724224e-01   2.1072674523024876e-01  -9.0439289754694452e-01
  -9.2373560444153069e-01   1.5885851963039245e-02   3.8270155431864905e-01
   9.4992535102786171e-02   9.7742372868320848e-01   1.8873001054117283e-01
  -3.7106306173848258e-01   2.1069330588930035e-01  -9.0438998037959384e-01
  -9.2372184467678786e-01   1.5927052023277943e-02   3.8273305261317209e-01
   9.5023474788399939e-02   9.7743032927688789e-01   1.8868024444625836e-01
  -3.7108939204670838e-01   2.1065957272099514e-01  -9.0438703499889306e-01
  -9.2370796258525301e-01   1.5968613078491987e-02   3.8276482353152497e-01
   9.5054683095610645e-02   9.7743698434069493e-01   1.8863004230074421e-01
  -3.7111595306113593e-01   2.1062554574632542e-01  -9.0438406133876359e-01
  -9.2369395811078947e-01   1.6010535159004656e-02   3.8279686700912696e-01
   9.5086159982703908e-02   9.7744369379172369e-01   1.8857940406800200e-01
  -3.7114274480114468e-01   2.1059122498647298e-01  -9.0438105933255086e-01
  -9.2367983119677644e-01   1.6052818295394095e-02   3.8282918298083274e-01
   9.5117905407598485e-02   9.7745045754634952e-01   1.8852832971109557e-01
  -3.7116976728627693e-01   2.1055661046280930e-01  -9.0437802891302377e-01
  -9.2366558178610969e-01   1.6095462518493281e-02   3.8286177138093141e-01
   9.5149919327846083e-02   9.7745727552022821e-01   1.8847681919278073e-01
  -3.7119702053623782e-01   2.1052170219689550e-01  -9.0437497001237421e-01
  -9.2365120982120186e-01   1.6138467859389657e-02   3.8289463214314712e-01
   9.5182201700631297e-02   9.7746414762829748e-01   1.8842487247550618e-01
  -3.7122450457089501e-01   2.1048650021048279e-01  -9.0437188256221801e-01
  -9.2363671524398194e-01   1.6181834349425047e-02   3.8292776520063865e-01
   9.5214752482771364e-02   9.7747107378477449e-01   1.8837248952141317e-01
  -3.7125221941027903e-01   2.1045100452551230e-01  -9.0436876649359421e-01
  -9.2362209799589667e-01   1.6225562020195341e-02   3.8296117048599931e-01
   9.5247571630716163e-02   9.7747805390315889e-01   1.8831967029233609e-01
  -3.7128016507458256e-01   2.1041521516411554e-01  -9.0436562173696600e-01
  -9.2360735801790816e-01   1.6269650903550464e-02   3.8299484793125643e-01
   9.5280659100547810e-02   9.7748508789622979e-01   1.8826641474980252e-01
  -3.7130834158416071e-01   2.1037913214861451e-01  -9.0436244822221901e-01
  -9.2359249525049647e-01   1.6314101031593961e-02   3.8302879746787172e-01
   9.5314014847980799e-02   9.7749217567604829e-01   1.8821272285503363e-01
  -3.7133674895953045e-01   2.1034275550152159e-01  -9.0435924587866345e-01
  -9.2357750963365848e-01   1.6358912436682978e-02   3.8306301902674073e-01
   9.5347638828361614e-02   9.7749931715395522e-01   1.8815859456894424e-01
  -3.7136538722137130e-01   2.1030608524554012e-01  -9.0435601463503246e-01
  -9.2356240110690790e-01   1.6404085151427931e-02   3.8309751253819296e-01
   9.5381530996668712e-02   9.7750651224057272e-01   1.8810402985214333e-01
  -3.7139425639052415e-01   2.1026912140356430e-01  -9.0435275441948315e-01
  -9.2354716960927596e-01   1.6449619208692388e-02   3.8313227793199139e-01
   9.5415691307512221e-02   9.7751376084580355e-01   1.8804902866493403e-01
  -3.7142335648799202e-01   2.1023186399867944e-01  -9.0434946515959569e-01
  -9.2353181507931070e-01   1.6495514641592664e-02   3.8316731513733293e-01
   9.5450119715134105e-02   9.7752106287883123e-01   1.8799359096731416e-01
  -3.7145268753493921e-01   2.1019431305416211e-01  -9.0434614678237490e-01
  -9.2351633745507733e-01   1.6541771483497929e-02   3.8320262408284739e-01
   9.5484816173407497e-02   9.7752841824811987e-01   1.8793771671897613e-01
  -3.7148224955269182e-01   2.1015646859348039e-01  -9.0434279921424798e-01
  -9.2350073667415911e-01   1.6588389768029687e-02   3.8323820469659803e-01
   9.5519780635837020e-02   9.7753582686141405e-01   1.8788140587930752e-01
  -3.7151204256273712e-01   2.1011833064029395e-01  -9.0433942238106668e-01
  -9.2348501267365601e-01   1.6635369529061684e-02   3.8327405690608091e-01
   9.5555013055558399e-02   9.7754328862573947e-01   1.8782465840739129e-01
  -3.7154206658672362e-01   2.1007989921845424e-01  -9.0433601620810589e-01
  -9.2346916539018586e-01   1.6682710800719803e-02   3.8331018063822520e-01
   9.5590513385338180e-02   9.7755080344740142e-01   1.8776747426200577e-01
  -3.7157232164646092e-01   2.1004117435200478e-01  -9.0433258062006439e-01
  -9.2345319475988397e-01   1.6730413617381569e-02   3.8334657581939263e-01
   9.5626281577573899e-02   9.7755837123198686e-01   1.8770985340162535e-01
  -3.7160280776391952e-01   2.1000215606518116e-01  -9.0432911554106499e-01
  -9.2343710071840313e-01   1.6778478013676171e-02   3.8338324237537741e-01
   9.5662317584293666e-02   9.7756599188436244e-01   1.8765179578442034e-01
  -3.7163352496123064e-01   2.0996284438241139e-01  -9.0432562089465363e-01
  -9.2342088320091431e-01   1.6826904024484182e-02   3.8342018023140612e-01
   9.5698621357155927e-02   9.7757366530867518e-01   1.8759330136825758e-01
  -3.7166447326068630e-01   2.0992323932831591e-01  -9.0432209660380014e-01
  -9.2340454214210566e-01   1.6875691684937209e-02   3.8345738931213769e-01
   9.5735192847449649e-02   9.7758139140835310e-01   1.8753437011070054e-01
  -3.7169565268473875e-01   2.0988334092770802e-01  -9.0431854259089839e-01
  -9.2338807747618368e-01   1.6924841030417817e-02   3.8349486954166290e-01
   9.5772032006093771e-02   9.7758917008610435e-01   1.8747500196900957e-01
  -3.7172706325600091e-01   2.0984314920559377e-01  -9.0431495877776580e-01
  -9.2337148913687273e-01   1.6974352096559210e-02   3.8353262084350431e-01
   9.5809138783637282e-02   9.7759700124391746e-01   1.8741519690014230e-01
  -3.7175870499724567e-01   2.0980266418717236e-01  -9.0431134508564381e-01
  -9.2335477705741498e-01   1.7024224919245101e-02   3.8357064314061629e-01
   9.5846513130258854e-02   9.7760488478306085e-01   1.8735495486075374e-01
  -3.7179057793140602e-01   2.0976188589783629e-01  -9.0430770143519723e-01
  -9.2333794117057111e-01   1.7074459534609312e-02   3.8360893635538462e-01
   9.5884154995766899e-02   9.7761282060408428e-01   1.8729427580719674e-01
  -3.7182268208157498e-01   2.0972081436317153e-01  -9.0430402774651486e-01
  -9.2332098140861951e-01   1.7125055979035683e-02   3.8364750040962647e-01
   9.5922064329599196e-02   9.7762080860681622e-01   1.8723315969552226e-01
  -3.7185501747100508e-01   2.0967944960895754e-01  -9.0430032393910975e-01
  -9.2330389770335741e-01   1.7176014289157809e-02   3.8368633522458995e-01
   9.5960241080822795e-02   9.7762884869036704e-01   1.8717160648147949e-01
  -3.7188758412310874e-01   2.0963779166116789e-01  -9.0429658993191819e-01
  -9.2328668998609964e-01   1.7227334501858742e-02   3.8372544072095432e-01
   9.5998685198133843e-02   9.7763694075312579e-01   1.8710961612051633e-01
  -3.7192038206145750e-01   2.0959584054596991e-01  -9.0429282564330093e-01
  -9.2326935818768041e-01   1.7279016654270795e-02   3.8376481681882962e-01
   9.6037396629857427e-02   9.7764508469276257e-01   1.8704718856777955e-01
  -3.7195341130978266e-01   2.0955359628972539e-01  -9.0428903099104219e-01
  -9.2325190223845155e-01   1.7331060783775307e-02   3.8380446343775637e-01
   9.6076375323947347e-02   9.7765328040622745e-01   1.8698432377811508e-01
  -3.7198667189197415e-01   2.0951105891899041e-01  -9.0428520589235017e-01
  -9.2323432206828404e-01   1.7383466928002429e-02   3.8384438049670533e-01
   9.6115621227985892e-02   9.7766152778975024e-01   1.8692102170606842e-01
  -3.7202016383208125e-01   2.0946822846051574e-01  -9.0428135026385725e-01
  -9.2321661760656748e-01   1.7436235124830741e-02   3.8388456791407805e-01
   9.6155134289183861e-02   9.7766982673884117e-01   1.8685728230588494e-01
  -3.7205388715431187e-01   2.0942510494124691e-01  -9.0427746402161957e-01
  -9.2319878878220962e-01   1.7489365412387221e-02   3.8392502560770547e-01
   9.6194914454380068e-02   9.7767817714829008e-01   1.8679310553150993e-01
  -3.7208784188303284e-01   2.0938168838832460e-01  -9.0427354708111729e-01
  -9.2318083552363839e-01   1.7542857829046771e-02   3.8396575349484890e-01
   9.6234961670041488e-02   9.7768657891216726e-01   1.8672849133658920e-01
  -3.7212202804276906e-01   2.0933797882908456e-01  -9.0426959935725482e-01
  -9.2316275775879930e-01   1.7596712413432150e-02   3.8400675149219893e-01
   9.6275275882262826e-02   9.7769503192382234e-01   1.8666343967446919e-01
  -3.7215644565820438e-01   2.0929397629105809e-01  -9.0426562076436012e-01
  -9.2314455541515750e-01   1.7650929204413610e-02   3.8404801951587580e-01
   9.6315857036766456e-02   9.7770353607588545e-01   1.8659795049819738e-01
  -3.7219109475418033e-01   2.0924968080197204e-01  -9.0426161121618553e-01
  -9.2312622841969738e-01   1.7705508241108704e-02   3.8408955748142909e-01
   9.6356705078902136e-02   9.7771209126026604e-01   1.8653202376052255e-01
  -3.7222597535569679e-01   2.0920509238974916e-01  -9.0425757062590728e-01
  -9.2310777669892208e-01   1.7760449562881992e-02   3.8413136530383729e-01
   9.6397819953646949e-02   9.7772069736815359e-01   1.8646565941389512e-01
  -3.7226108748791131e-01   2.0916021108250829e-01  -9.0425349890612561e-01
  -9.2308920017885454e-01   1.7815753209344802e-02   3.8417344289750799e-01
   9.6439201605605013e-02   9.7772935429001750e-01   1.8639885741046733e-01
  -3.7229643117613931e-01   2.0911503690856434e-01  -9.0424939596886544e-01
  -9.2307049878503655e-01   1.7871419220354980e-02   3.8421579017627744e-01
   9.6480849979007299e-02   9.7773806191560653e-01   1.8633161770209378e-01
  -3.7233200644585357e-01   2.0906956989642883e-01  -9.0424526172557496e-01
  -9.2305167244252972e-01   1.7927447636016575e-02   3.8425840705341030e-01
   9.6522765017711551e-02   9.7774682013394953e-01   1.8626394024033155e-01
  -3.7236781332268448e-01   2.0902381007481000e-01  -9.0424109608712722e-01
  -9.2303272107591527e-01   1.7983838496679689e-02   3.8430129344159952e-01
   9.6564946665201823e-02   9.7775562883335476e-01   1.8619582497644063e-01
  -3.7240385183241947e-01   2.0897775747261288e-01  -9.0423689896381909e-01
  -9.2301364460929358e-01   1.8040591842940139e-02   3.8434444925296635e-01
   9.6607394864588594e-02   9.7776448790141024e-01   1.8612727186138411e-01
  -3.7244012200100296e-01   2.0893141211893959e-01  -9.0423267026537146e-01
  -9.2299444296628519e-01   1.8097707715639073e-02   3.8438787439905997e-01
   9.6650109558608477e-02   9.7777339722498358e-01   1.8605828084582879e-01
  -3.7247662385453645e-01   2.0888477404308967e-01  -9.0422840990093001e-01
  -9.2297511607003058e-01   1.8155186155863024e-02   3.8443156879085699e-01
   9.6693090689623812e-02   9.7778235669022173e-01   1.8598885188014502e-01
  -3.7251335741927794e-01   2.0883784327456006e-01  -9.0422411777906408e-01
  -9.2295566384318961e-01   1.8213027204943263e-02   3.8447553233876181e-01
   9.6736338199622823e-02   9.7779136618255125e-01   1.8591898491440753e-01
  -3.7255032272164201e-01   2.0879061984304559e-01  -9.0421979380776751e-01
  -9.2293608620794265e-01   1.8271230904455801e-02   3.8451976495260609e-01
   9.6779852030219146e-02   9.7780042558667823e-01   1.8584867989839549e-01
  -3.7258751978819965e-01   2.0874310377843894e-01  -9.0421543789445846e-01
  -9.2291638308599000e-01   1.8329797296221056e-02   3.8456426654164849e-01
   9.6823632122651673e-02   9.7780953478658839e-01   1.8577793678159274e-01
  -3.7262494864567802e-01   2.0869529511083104e-01  -9.0421104994597945e-01
  -9.2289655439855189e-01   1.8388726422303478e-02   3.8460903701457466e-01
   9.6867678417784431e-02   9.7781869366554652e-01   1.8570675551318841e-01
  -3.7266260932096018e-01   2.0864719387051128e-01  -9.0420662986859690e-01
  -9.2287660006636929e-01   1.8448018325011369e-02   3.8465407627949699e-01
   9.6911990856106356e-02   9.7782790210609671e-01   1.8563513604207704e-01
  -3.7270050184108511e-01   2.0859880008796763e-01  -9.0420217756800214e-01
  -9.2285652000970320e-01   1.8507673046896583e-02   3.8469938424395428e-01
   9.6956569377731089e-02   9.7783715999006260e-01   1.8556307831685900e-01
  -3.7273862623324749e-01   2.0855011379388685e-01  -9.0419769294931052e-01
  -9.2283631414833556e-01   1.8567690630754214e-02   3.8474496081491172e-01
   9.7001413922396709e-02   9.7784646719854684e-01   1.8549058228584087e-01
  -3.7277698252479741e-01   2.0850113501915496e-01  -9.0419317591706205e-01
  -9.2281598240156826e-01   1.8628071119622426e-02   3.8479080589876041e-01
   9.7046524429465542e-02   9.7785582361193180e-01   1.8541764789703555e-01
  -3.7281557074324012e-01   2.0845186379485717e-01  -9.0418862637522057e-01
  -9.2279552468822434e-01   1.8688814556781980e-02   3.8483691940131748e-01
   9.7091900837924072e-02   9.7786522910987839e-01   1.8534427509816295e-01
  -3.7285439091623629e-01   2.0840230015227820e-01  -9.0418404422717524e-01
  -9.2277494092664747e-01   1.8749920985756174e-02   3.8488330122782555e-01
   9.7137543086382477e-02   9.7787468357132712e-01   1.8527046383664997e-01
  -3.7289344307160122e-01   2.0835244412290274e-01  -9.0417942937573881e-01
  -9.2275423103470189e-01   1.8811390450310304e-02   3.8492995128295293e-01
   9.7183451113074831e-02   9.7788418687449741e-01   1.8519621405963127e-01
  -3.7293272723730508e-01   2.0830229573841522e-01  -9.0417478172314947e-01
  -9.2273339492977335e-01   1.8873222994451662e-02   3.8497686947079285e-01
   9.7229624855858357e-02   9.7789373889688791e-01   1.8512152571394910e-01
  -3.7297224344147273e-01   2.0825185503070054e-01  -9.0417010117106900e-01
  -9.2271243252876856e-01   1.8935418662428982e-02   3.8502405569486375e-01
   9.7276064252213718e-02   9.7790333951527608e-01   1.8504639874615414e-01
  -3.7301199171238308e-01   2.0820112203184390e-01  -9.0416538762058418e-01
  -9.2269134374811490e-01   1.8997977498732329e-02   3.8507150985810878e-01
