   6.1232339957367660e-17   1.0000000000000000e+00   0.0000000000000000e+00
  -6.1232339957367660e-17   3.7493994566546440e-33  -1.0000000000000000e+00
  -1.0000000000000000e+00   6.1232339957367660e-17   6.1232339957367660e-17
   6.1232339957367660e-17   1.0000000000000000e+00   0.0000000000000000e+00
  -6.1232339957367660e-17   3.7493994566546440e-33  -1.0000000000000000e+00
  -1.0000000000000000e+00   6.1232339957367660e-17   6.1232339957367660e-17
   6.1228941541644999e-17   9.9999999975357590e-01  -2.2200185520180186e-05
  -6.1231660234991404e-17  -2.2200185520180186e-05  -9.9999999975357590e-01
  -1.0000000000000000e+00   6.1230300880773647e-17   6.1230300926041012e-17
   6.1218746385028523e-17   9.9999999605721412e-01  -8.8800741971307518e-05
  -6.1229620615192221e-17  -8.8800741971307518e-05  -9.9999999605721412e-01
  -1.0000000000000000e+00   6.1224183379397385e-17   6.1224184103675394e-17
   6.1201754759273245e-17   9.9999998003964641e-01  -1.9980166836866295e-04
  -6.1226219739978973e-17  -1.9980166836866295e-04  -9.9999998003964641e-01
  -1.0000000000000000e+00   6.1213986638516520e-17   6.1213990305174006e-17
   6.1177967117639093e-17   9.9999993691542632e-01  -3.5520296088278387e-04
  -6.1221455346100183e-17  -3.5520296088278387e-04  -9.9999993691542632e-01
  -1.0000000000000000e+00   6.1199709300461622e-17   6.1199720888909794e-17
   6.1147384095393461e-17   9.9999984598492986e-01  -5.5500460955706704e-04
  -6.1215324265144675e-17  -5.5500460955706704e-04  -9.9999984598492986e-01
  -1.0000000000000000e+00   6.1181349464917503e-17   6.1181377757026908e-17
   6.1110006510514480e-17   9.9999968063435929e-01  -7.9920659371241496e-04
  -6.1207822423682771e-17  -7.9920659371241496e-04  -9.9999968063435929e-01
  -1.0000000000000000e+00   6.1158904689345877e-17   6.1158963355862332e-17
   6.1065835364595274e-17   9.9999940833574952e-01  -1.0878088760389246e-03
  -6.1198944843448217e-17  -1.0878088760389246e-03  -9.9999940833574952e-01
  -1.0000000000000000e+00   6.1132371989528477e-17   6.1132480676488068e-17
   6.1014871843949094e-17   9.9999899064697995e-01  -1.4208113953746221e-03
  -6.1188685641561067e-17  -1.4208113953746221e-03  -9.9999899064697995e-01
  -1.0000000000000000e+00   6.1101747840231446e-17   6.1101933255373236e-17
   6.0957117320915063e-17   9.9999838321179346e-01  -1.7982140581712487e-03
  -6.1177038030791870e-17  -1.7982140581712487e-03  -9.9999838321179346e-01
  -1.0000000000000000e+00   6.1067028175990913e-17   6.1067325175166219e-17
   6.0892573355364796e-17   9.9999753575982597e-01  -2.2200167286471066e-03
  -6.1163994319867695e-17  -2.2200167286471066e-03  -9.9999753575982597e-01
  -1.0000000000000000e+00   6.1028208392020214e-17   6.1028661065596427e-17
   6.0821241696409391e-17   9.9999639210664892e-01  -2.6862192176269717e-03
  -6.1149545913820282e-17  -2.6862192176269717e-03  -9.9999639210664892e-01
  -1.0000000000000000e+00   6.0985283345238728e-17   6.0985946104495342e-17
   6.0743124284307084e-17   9.9999489015382836e-01  -3.1968212700690989e-03
  -6.1133683314376978e-17  -3.1968212700690989e-03  -9.9999489015382836e-01
  -1.0000000000000000e+00   6.0938247355423076e-17   6.0939186018936807e-17
   6.0658223252571093e-17   9.9999296188900433e-01  -3.7518225512793344e-03
  -6.1116396120394976e-17  -3.7518225512793344e-03  -9.9999296188900433e-01
  -1.0000000000000000e+00   6.0887094206480459e-17   6.0888387086495885e-17
   6.0566540930277816e-17   9.9999053338599586e-01  -4.3512226318123725e-03
  -6.1097673028339625e-17  -4.3512226318123725e-03  -9.9999053338599586e-01
  -1.0000000000000000e+00   6.0831817147845244e-17   6.0833556136626089e-17
   6.0468079844574964e-17   9.9998752480493414e-01  -4.9950209710601995e-03
  -6.1077501832807323e-17  -4.9950209710601995e-03  -9.9998752480493414e-01
  -1.0000000000000000e+00   6.0772408895998491e-17   6.0774700552154418e-17
   6.0362842723389707e-17   9.9998385039243154e-01  -5.6832168995277731e-03
  -6.1055869427093963e-17  -5.6832168995277731e-03  -9.9998385039243154e-01
  -1.0000000000000000e+00   6.0708861636111434e-17   6.0711828270893854e-17
   6.0250832498336456e-17   9.9997941848179017e-01  -6.4158095997960095e-03
  -6.1032761803809776e-17  -6.4158095997960095e-03  -9.9997941848179017e-01
  -1.0000000000000000e+00   6.0641167023813196e-17   6.0644947787372778e-17
   6.0132052307824242e-17   9.9997413149325598e-01  -7.1927980861721669e-03
  -6.1008164055541213e-17  -7.1927980861721669e-03  -9.9997413149325598e-01
  -1.0000000000000000e+00   6.0569316187083157e-17   6.0574068154680569e-17
   6.0006505500363306e-17   9.9996788593432617e-01  -8.0141811830277063e-03
  -6.0982060375561238e-17  -8.0141811830277063e-03  -9.9996788593432617e-01
  -1.0000000000000000e+00   6.0493299728268882e-17   6.0499198986429150e-17
   5.9874195638070965e-17   9.9996057240011504e-01  -8.8799575018237778e-03
  -6.0954434058588692e-17  -8.8799575018237778e-03  -9.9996057240011504e-01
  -1.0000000000000000e+00   6.0413107726229900e-17   6.0420350458829472e-17
   5.9735126500376107e-17   9.9995207557378607e-01  -9.7901254168244675e-03
  -6.0925267501598047e-17  -9.7901254168244675e-03  -9.9995207557378607e-01
  -1.0000000000000000e+00   6.0328729738607986e-17   6.0337533312882556e-17
   5.9589302087922446e-17   9.9994227422705795e-01  -1.0744683039497981e-02
  -6.0894542204680587e-17  -1.0744683039497981e-02  -9.9994227422705795e-01
  -1.0000000000000000e+00   6.0240154804224965e-17   6.0250758856684247e-17
   5.9436726626670059e-17   9.9993104122079202e-01  -1.1743628191605951e-02
  -6.0862238771958222e-17  -1.1743628191605951e-02  -9.9993104122079202e-01
  -1.0000000000000000e+00   6.0147371445608372e-17   6.0160038967842909e-17
   5.9277404572194874e-17   9.9991824350567049e-01  -1.2786958376981123e-02
  -6.0828336912551380e-17  -1.2786958376981123e-02  -9.9991824350567049e-01
  -1.0000000000000000e+00   6.0050367671645870e-17   6.0065386096009384e-17
   5.9111340614185968e-17   9.9990374212297239e-01  -1.3874670751993700e-02
  -6.0792815441602026e-17  -1.3874670751993700e-02  -9.9990374212297239e-01
  -1.0000000000000000e+00   5.9949130980369131e-17   5.9966813265518312e-17
   5.8938539681140222e-17   9.9988739220545875e-01  -1.5006762094706607e-02
  -6.0755652281353451e-17  -1.5006762094706607e-02  -9.9988739220545875e-01
  -1.0000000000000000e+00   5.9843648361868230e-17   5.9864334078139842e-17
   5.8759006945254028e-17   9.9986904297837420e-01  -1.6183228772720101e-02
  -6.0716824462288145e-17  -1.6183228772720101e-02  -9.9986904297837420e-01
  -1.0000000000000000e+00   5.9733906301337081e-17   5.9757962715941077e-17
   5.8572747827511623e-17   9.9984853776057703e-01  -1.7404066709706050e-02
  -6.0676308124325320e-17  -1.7404066709706050e-02  -9.9984853776057703e-01
  -1.0000000000000000e+00   5.9619890782250944e-17   5.9647713944256096e-17
   5.8379768002969742e-17   9.9982571396580733e-01  -1.8669271350632406e-02
  -6.0634078518079754e-17  -1.8669271350632406e-02  -9.9982571396580733e-01
  -1.0000000000000000e+00   5.9501587289677002e-17   5.9533603114763527e-17
   5.8180073406238197e-17   9.9980040310410301e-01  -1.9978837625678335e-02
  -6.0590110006183370e-17  -1.9978837625678335e-02  -9.9980040310410301e-01
  -1.0000000000000000e+00   5.9378980813718777e-17   5.9415646168670790e-17
   5.7973670237155834e-17   9.9977243078337641e-01  -2.1332759912840546e-02
  -6.0544376064671361e-17  -2.1332759912840546e-02  -9.9977243078337641e-01
  -1.0000000000000000e+00   5.9252055853095533e-17   5.9293859640003911e-17
   5.7760564966661479e-17   9.9974161671116302e-01  -2.2731031999231554e-02
  -6.0496849284434858e-17  -2.2731031999231554e-02  -9.9974161671116302e-01
  -1.0000000000000000e+00   5.9120796418857493e-17   5.9168260659001594e-17
   5.7540764342859469e-17   9.9970777469655292e-01  -2.4173647041070424e-02
  -6.0447501372741501e-17  -2.4173647041070424e-02  -9.9970777469655292e-01
  -1.0000000000000000e+00   5.8985186038238070e-17   5.9038866955612526e-17
   5.7314275397279197e-17   9.9967071265231888e-01  -2.5660597522366924e-02
  -6.0396303154826109e-17  -2.5660597522366924e-02  -9.9967071265231888e-01
  -1.0000000000000000e+00   5.8845207758644217e-17   5.8905696863094822e-17
   5.7081105451328087e-17   9.9963023259725325e-01  -2.7191875212299804e-02
  -6.0343224575553374e-17  -2.7191875212299804e-02  -9.9963023259725325e-01
  -1.0000000000000000e+00   5.8700844151785662e-17   5.8768769321716086e-17
   5.6841262122937538e-17   9.9958613065872703e-01  -2.8767471121290234e-02
  -6.0288234701154467e-17  -2.8767471121290234e-02  -9.9958613065872703e-01
  -1.0000000000000000e+00   5.8552077317944627e-17   5.8628103882552889e-17
   5.6594753333401378e-17   9.9953819707548441e-01  -3.0387375455771373e-02
  -6.0231301721039565e-17  -3.0387375455771373e-02  -9.9953819707548441e-01
  -1.0000000000000000e+00   5.8398888890386846e-17   5.8483720711388588e-17
   5.6341587314405870e-17   9.9948621620068789e-01  -3.2051577571655172e-02
  -6.0172392949688729e-17  -3.2051577571655172e-02  -9.9948621620068789e-01
  -1.0000000000000000e+00   5.8241260039915258e-17   5.8335640592707460e-17
   5.6081772615251055e-17   9.9942996650522664e-01  -3.3760065926497704e-02
  -6.0111474828622813e-17  -3.3760065926497704e-02  -9.9942996650522664e-01
  -1.0000000000000000e+00   5.8079171479567411e-17   5.8183884933784563e-17
   5.5815318110262469e-17   9.9936922058130540e-01  -3.5512828030364263e-02
  -6.0048512928457210e-17  -3.5512828030364263e-02  -9.9936922058130540e-01
  -1.0000000000000000e+00   5.7912603469458038e-17   5.8028475768868896e-17
   5.5542233006392745e-17   9.9930374514632592e-01  -3.7309850395395666e-02
  -5.9983471951040121e-17  -3.7309850395395666e-02  -9.9930374514632592e-01
  -1.0000000000000000e+00   5.7741535821767865e-17   5.7869435763459283e-17
   5.5262526851012193e-17   9.9923330104708064e-01  -3.9151118484077423e-02
  -5.9916315731678270e-17  -3.9151118484077423e-02  -9.9923330104708064e-01
  -1.0000000000000000e+00   5.7565947905880171e-17   5.7706788218670519e-17
   5.4976209539887879e-17   9.9915764326427037e-01  -4.1036616656213283e-02
  -5.9847007241452007e-17  -4.1036616656213283e-02  -9.9915764326427037e-01
  -1.0000000000000000e+00   5.7385818653666163e-17   5.7540557075688882e-17
   5.4683291325350090e-17   9.9907652091736598e-01  -4.2966328114605053e-02
  -5.9775508589622596e-17  -4.2966328114605053e-02  -9.9907652091736598e-01
  -1.0000000000000000e+00   5.7201126564920661e-17   5.7370766920314752e-17
   5.4383782824645659e-17   9.9898967726982901e-01  -4.4940234849440749e-02
  -5.9701781026133997e-17  -4.4940234849440749e-02  -9.9898967726982901e-01
  -1.0000000000000000e+00   5.7011849712949590e-17   5.7197442987591045e-17
   5.4077695028477155e-17   9.9889684973470860e-01  -4.6958317581392822e-02
  -5.9625784944211758e-17  -4.6958317581392822e-02  -9.9889684973470860e-01
  -1.0000000000000000e+00   5.6817965750310272e-17   5.7020611166515418e-17
   5.3765039309727050e-17   9.9879776988063351e-01  -4.9020555703429135e-02
  -5.9547479883061847e-17  -4.9020555703429135e-02  -9.9879776988063351e-01
  -1.0000000000000000e+00   5.6619451914706422e-17   5.6840298004834530e-17
   5.3445827432366071e-17   9.9869216343821576e-01  -5.1126927221338686e-02
  -5.9466824530671741e-17  -5.1126927221338686e-02  -9.9869216343821576e-01
  -1.0000000000000000e+00   5.6416285035038974e-17   5.6656530713918516e-17
   5.3120071560544581e-17   9.9857975030688551e-01  -5.3277408692974995e-02
  -5.9383776726716892e-17  -5.3277408692974995e-02  -9.9857975030688551e-01
  -1.0000000000000000e+00   5.6208441537614165e-17   5.6469337173713563e-17
   5.2787784267866195e-17   9.9846024456217497e-01  -5.5471975166219489e-02
  -5.9298293465575088e-17  -5.5471975166219489e-02  -9.9846024456217497e-01
  -1.0000000000000000e+00   5.5995897452510583e-17   5.6278745937770903e-17
   5.2448978546842457e-17   9.9833335446347249e-01  -5.7710600115668226e-02
  -5.9210330899451803e-17  -5.7710600115668226e-02  -9.9833335446347249e-01
  -1.0000000000000000e+00   5.5778628420106595e-17   5.6084786238349848e-17
   5.2103667818527579e-17   9.9819878246226323e-01  -5.9993255378044660e-02
  -5.9119844341619181e-17  -5.9993255378044660e-02  -9.9819878246226323e-01
  -1.0000000000000000e+00   5.5556609697769444e-17   5.5887487991593061e-17
   5.1751865942332087e-17   9.9805622521087978e-01  -6.2319911086342078e-02
  -5.9026788269771821e-17  -6.2319911086342078e-02  -9.9805622521087978e-01
  -1.0000000000000000e+00   5.5329816166707967e-17   5.5686881802771889e-17
   5.1393587226014214e-17   9.9790537357178111e-01  -6.4690535602698898e-02
  -5.8931116329502363e-17  -6.4690535602698898e-02  -9.9790537357178111e-01
  -1.0000000000000000e+00   5.5098222338990103e-17   5.5482998971599262e-17
   5.1028846435847912e-17   9.9774591262738077e-01  -6.7105095450010768e-02
  -5.8832781337899754e-17  -6.7105095450010768e-02  -9.9774591262738077e-01
  -1.0000000000000000e+00   5.4861802364726916e-17   5.5275871497608406e-17
   5.0657658806966071e-17   9.9757752169044678e-01  -6.9563555242283331e-02
  -5.8731735287273575e-17  -6.9563555242283331e-02  -9.9757752169044678e-01
  -1.0000000000000000e+00   5.4620530039424868e-17   5.5065532085594607e-17
   5.0280040053877856e-17   9.9739987431509280e-01  -7.2065877613729651e-02
  -5.8627929349007384e-17  -7.2065877613729651e-02  -9.9739987431509280e-01
  -1.0000000000000000e+00   5.4374378811507562e-17   5.4852014151117923e-17
   4.9896006381158651e-17   9.9721263830838436e-01  -7.4612023146616968e-02
  -5.8521313877544458e-17  -7.4612023146616968e-02  -9.9721263830838436e-01
  -1.0000000000000000e+00   5.4123321790008987e-17   5.4635351826064441e-17
   4.9505574494311284e-17   9.9701547574258131e-01  -7.7201950297867181e-02
  -5.8411838414509079e-17  -7.7201950297867181e-02  -9.9701547574258131e-01
  -1.0000000000000000e+00   5.3867331752439550e-17   5.4415579964263362e-17
   4.9108761610797152e-17   9.9680804296803904e-01  -7.9835615324416020e-02
  -5.8299451692966666e-17  -7.9835615324416020e-02  -9.9680804296803904e-01
  -1.0000000000000000e+00   5.3606381152826735e-17   5.4192734147157766e-17
   4.8705585471235571e-17   9.9658999062679299e-01  -8.2512972207336208e-02
  -5.8184101641826390e-17  -8.2512972207336208e-02  -9.9658999062679299e-01
  -1.0000000000000000e+00   5.3340442129931965e-17   5.3966850689526029e-17
   4.8296064350770054e-17   9.9636096366684812e-01  -8.5233972574729630e-02
  -5.8065735390389344e-17  -8.5233972574729630e-02  -9.9636096366684812e-01
  -1.0000000000000000e+00   5.3069486515645310e-17   5.3737966645251615e-17
   4.7880217070599675e-17   9.9612060135719760e-01  -8.7998565623394850e-02
  -5.7944299273045867e-17  -8.7998565623394850e-02  -9.9612060135719760e-01
  -1.0000000000000000e+00   5.2793485843559656e-17   5.3506119813138341e-17
   4.7458063009674029e-17   9.9586853730359604e-01  -9.0806698039275199e-02
  -5.7819738834125723e-17  -9.0806698039275199e-02  -9.9586853730359604e-01
  -1.0000000000000000e+00   5.2512411357726185e-17   5.3271348742768356e-17
   4.7029622116550026e-17   9.9560439946510981e-01  -9.3658313916694436e-02
  -5.7691998832904256e-17  -9.3658313916694436e-02  -9.9560439946510981e-01
  -1.0000000000000000e+00   5.2226234021592546e-17   5.3033692740400101e-17
   4.6594914921408646e-17   9.9532781017147109e-01  -9.6553354676386177e-02
  -5.7561023248768682e-17  -9.6553354676386177e-02  -9.9532781017147109e-01
  -1.0000000000000000e+00   5.1934924527125744e-17   5.2793191874903249e-17
   4.6153962548230053e-17   9.9503838614125995e-01  -9.9491758982324069e-02
  -5.7426755286547692e-17  -9.9491758982324069e-02  -9.9503838614125995e-01
  -1.0000000000000000e+00   5.1638453304121094e-17   5.2549886983727768e-17
   4.5706786727124899e-17   9.9473573850094010e-01  -1.0247346265736004e-01
  -5.7289137382008322e-17  -1.0247346265736004e-01  -9.9473573850094010e-01
  -1.0000000000000000e+00   5.1336790529699154e-17   5.2303819678903903e-17
   4.5253409806820066e-17   9.9441947280477438e-01  -1.0549839859767832e-01
  -5.7148111207523732e-17  -1.0549839859767832e-01  -9.9441947280477438e-01
  -1.0000000000000000e+00   5.1029906137992197e-17   5.2055032353070363e-17
   4.4793854767296762e-17   9.9408918905564658e-01  -1.0856649668607274e-01
  -5.7003617677915699e-17  -1.0856649668607274e-01  -9.9408918905564658e-01
  -1.0000000000000000e+00   5.0717769830022041e-17   5.1803568185527174e-17
   4.4328145232578861e-17   9.9374448172681529e-01  -1.1167768370405630e-01
  -5.6855596956475655e-17  -1.1167768370405630e-01  -9.9374448172681529e-01
  -1.0000000000000000e+00   5.0400351083770664e-17   5.1549471148310188e-17
   4.3856305483669331e-17   9.9338493978462816e-01  -1.1483188324281102e-01
  -5.6703988461168118e-17  -1.1483188324281102e-01  -9.9338493978462816e-01
  -1.0000000000000000e+00   5.0077619164445668e-17   5.1292786012283990e-17
   4.3378360471632567e-17   9.9301014671222221e-01  -1.1802901561298748e-01
  -5.6548730871020370e-17  -1.1802901561298748e-01  -9.9301014671222221e-01
  -1.0000000000000000e+00   4.9749543134941808e-17   5.1033558353249810e-17
   4.2894335830820369e-17   9.9261968053423899e-01  -1.2126899775336353e-01
  -5.6389762132702414e-17  -1.2126899775336353e-01  -9.9261968053423899e-01
  -1.0000000000000000e+00   4.9416091866500663e-17   5.0771834558065027e-17
   4.2404257892239053e-17   9.9221311384258226e-01  -1.2455174313837168e-01
  -5.6227019467301099e-17  -1.2455174313837168e-01  -9.9221311384258226e-01
  -1.0000000000000000e+00   4.9077234049569916e-17   5.0507661830770882e-17
   4.1908153697055452e-17   9.9179001382324616e-01  -1.2787716168450600e-01
  -5.6060439377292491e-17  -1.2787716168450600e-01  -9.9179001382324616e-01
  -1.0000000000000000e+00   4.8732938204863828e-17   5.0241088198724677e-17
   4.1406051010239138e-17   9.9134994228424267e-01  -1.3124515965561856e-01
  -5.5889957653716489e-17  -1.3124515965561856e-01  -9.9134994228424267e-01
  -1.0000000000000000e+00   4.8383172694626769e-17   4.9972162518733074e-17
   4.0897978334338388e-17   9.9089245568465734e-01  -1.3465563956711707e-01
  -5.5715509383557789e-17  -1.3465563956711707e-01  -9.9089245568465734e-01
  -1.0000000000000000e+00   4.8027905734101166e-17   4.9700934483182724e-17
   4.0383964923387127e-17   9.9041710516486237e-01  -1.3810850008907502e-01
  -5.5537028957337338e-17  -1.3810850008907502e-01  -9.9041710516486237e-01
  -1.0000000000000000e+00   4.7667105403201807e-17   4.9427454626164362e-17
   3.9864040796940229e-17   9.8992343657791571e-01  -1.4160363594826650e-01
  -5.5354450076918267e-17  -1.4160363594826650e-01  -9.8992343657791571e-01
  -1.0000000000000000e+00   4.7300739658397727e-17   4.9151774329586851e-17
   3.9338236754234220e-17   9.8941099052217851e-01  -1.4514093782913778e-01
  -5.5167705763530814e-17  -1.4514093782913778e-01  -9.8941099052217851e-01
  -1.0000000000000000e+00   4.6928776344803631e-17   4.8873945829276891e-17
   3.8806584388470571e-17   9.8887930237517685e-01  -1.4872029227372960e-01
  -5.4976728366019963e-17  -1.4872029227372960e-01  -9.8887930237517685e-01
  -1.0000000000000000e+00   4.6551183208482138e-17   4.8594022221060923e-17
   3.8269116101218543e-17   9.8832790232874279e-01  -1.5234158158056235e-01
  -5.4781449569320585e-17  -1.5234158158056235e-01  -9.8832790232874279e-01
  -1.0000000000000000e+00   4.6167927908958550e-17   4.8312057466824617e-17
   3.7725865116934520e-17   9.8775631542546116e-01  -1.5600468370249920e-01
  -5.4581800403163784e-17  -1.5600468370249920e-01  -9.8775631542546116e-01
  -1.0000000000000000e+00   4.5778978031949691e-17   4.8028106400546508e-17
   3.7176865497594636e-17   9.8716406159645631e-01  -1.5970947214360129e-01
  -5.4377711251019246e-17  -1.5970947214360129e-01  -9.8716406159645631e-01
  -1.0000000000000000e+00   4.5384301102308136e-17   4.7742224734300992e-17
   3.6622152157437520e-17   9.8655065570054723e-01  -1.6345581585498964e-01
  -5.4169111859277411e-17  -1.6345581585498964e-01  -9.8655065570054723e-01
  -1.0000000000000000e+00   4.4983864597183586e-17   4.7454469064226911e-17
   3.6061760877813740e-17   9.8591560756480456e-01  -1.6724357912972995e-01
  -5.3955931346676228e-17  -1.6724357912972995e-01  -9.8591560756480456e-01
  -1.0000000000000000e+00   4.4577635959402546e-17   4.7164896876457142e-17
   3.5495728322138475e-17   9.8525842202654002e-01  -1.7107262149675628e-01
  -5.3738098213976567e-17  -1.7107262149675628e-01  -9.8525842202654002e-01
  -1.0000000000000000e+00   4.4165582611068052e-17   4.6873566553004879e-17
   3.4924092050944059e-17   9.8457859897676003e-01  -1.7494279761384993e-01
  -5.3515540353890731e-17  -1.7494279761384993e-01  -9.8457859897676003e-01
  -1.0000000000000000e+00   4.3747671967380428e-17   4.6580537377602208e-17
   3.4346890537028566e-17   9.8387563340511663e-01  -1.7885395715969088e-01
  -5.3288185061268527e-17  -1.7885395715969088e-01  -9.8387563340511663e-01
  -1.0000000000000000e+00   4.3323871450680982e-17   4.6285869541486346e-17
   3.3764163180696786e-17   9.8314901544638700e-01  -1.8280594472500042e-01
  -5.3055959043545213e-17  -1.8280594472500042e-01  -9.8314901544638700e-01
  -1.0000000000000000e+00   4.2894148504719409e-17   4.5989624149128954e-17
   3.3175950325089881e-17   9.8239823042851415e-01  -1.8679859970279214e-01
  -5.2818788431455683e-17  -1.8679859970279214e-01  -9.8239823042851415e-01
  -1.0000000000000000e+00   4.2458470609146548e-17   4.5691863223903960e-17
   3.2582293271599628e-17   9.8162275892224260e-01  -1.9083175617775130e-01
  -5.2576598790019522e-17  -1.9083175617775130e-01  -9.8162275892224260e-01
  -1.0000000000000000e+00   4.2016805294233703e-17   4.5392649713688925e-17
   3.1983234295363291e-17   9.8082207679238065e-01  -1.9490524281476201e-01
  -5.2329315129801162e-17  -1.9490524281476201e-01  -9.8082207679238065e-01
  -1.0000000000000000e+00   4.1569120155819610e-17   4.5092047496395322e-17
   3.1378816660835094e-17   9.7999565525072307e-01  -1.9901888274660237e-01
  -5.2076861918449668e-17  -1.9901888274660237e-01  -9.7999565525072307e-01
  -1.0000000000000000e+00   4.1115382870486326e-17   4.4790121385422642e-17
   3.0769084637429874e-17   9.7914296091066777e-01  -2.0317249346082894e-01
  -5.1819163092522652e-17  -2.0317249346082894e-01  -9.7914296091066777e-01
  -1.0000000000000000e+00   4.0655561210965217e-17   4.4486937135031499e-17
   3.0154083515234741e-17   9.7826345584355867e-01  -2.0736588668587178e-01
  -5.1556142069598647e-17  -2.0736588668587178e-01  -9.7826345584355867e-01
  -1.0000000000000000e+00   4.0189623061773914e-17   4.4182561445630557e-17
   2.9533859620784207e-17   9.7735659763679017e-01  -2.1159886827636251e-01
  -5.1287721760682599e-17  -2.1159886827636251e-01  -9.7735659763679017e-01
  -1.0000000000000000e+00   3.9717536435085634e-17   4.3877061968972214e-17
   2.8908460332894271e-17   9.7642183945370553e-01  -2.1587123809771885e-01
  -5.1013824582908733e-17  -2.1587123809771885e-01  -9.7642183945370553e-01
  -1.0000000000000000e+00   3.9239269486831449e-17   4.3570507313251731e-17
   2.8277934098550724e-17   9.7545863009532341e-01  -2.2018278991000861e-01
  -5.0734372472545338e-17  -2.2018278991000861e-01  -9.7545863009532341e-01
  -1.0000000000000000e+00   3.8754790533036705e-17   4.3262967048104705e-17
   2.7642330448847061e-17   9.7446641406392687e-01  -2.2453331125111797e-01
  -5.0449286898305981e-17  -2.2453331125111797e-01  -9.7446641406392687e-01
  -1.0000000000000000e+00   3.8264068066392367e-17   4.2954511709497242e-17
   2.7001700014966796e-17   9.7344463162854888e-01  -2.2892258331924956e-01
  -5.0158488874971547e-17  -2.2892258331924956e-01  -9.7344463162854888e-01
  -1.0000000000000000e+00   3.7767070773062264e-17   4.2645212804503735e-17
   2.6356094544205585e-17   9.7239271889238832e-01  -2.3335038085477514e-01
  -4.9861898977327528e-17  -2.3335038085477514e-01  -9.7239271889238832e-01
  -1.0000000000000000e+00   3.7263767549726611e-17   4.2335142815966292e-17
   2.5705566916027589e-17   9.7131010786219085e-01  -2.3781647202147119e-01
  -4.9559437354421046e-17  -2.3781647202147119e-01  -9.7131010786219085e-01
  -1.0000000000000000e+00   3.6754127520863043e-17   4.2024375207030657e-17
   2.5050171158151170e-17   9.7019622651962889e-01  -2.4232061828716306e-01
  -4.9251023744141962e-17  -2.4232061828716306e-01  -9.7019622651962889e-01
  -1.0000000000000000e+00   3.6238120056265335e-17   4.1712984425552718e-17
   2.4389962462658389e-17   9.6905049889471562e-01  -2.4686257430380709e-01
  -4.8936577488132586e-17  -2.4686257430380709e-01  -9.6905049889471562e-01
  -1.0000000000000000e+00   3.5715714788800635e-17   4.1401045908369728e-17
   2.3724997202122819e-17   9.6787234514128717e-01  -2.5144208778703930e-01
  -4.8616017547030326e-17  -2.5144208778703930e-01  -9.6787234514128717e-01
  -1.0000000000000000e+00   3.5186881632405728e-17   4.1088636085430764e-17
   2.3055332945750127e-17   9.6666118161458647e-01  -2.5605889939522025e-01
  -4.8289262516047448e-17  -2.5605889939522025e-01  -9.6666118161458647e-01
  -1.0000000000000000e+00   3.4651590800322496e-17   4.0775832383780234e-17
   2.2381028475525554e-17   9.6541642095098579e-01  -2.6071274260800725e-01
  -4.7956230640892726e-17  -2.6071274260800725e-01  -9.6541642095098579e-01
  -1.0000000000000000e+00   3.4109812823573275e-17   4.0462713231388481e-17
   2.1702143802362599e-17   9.6413747214987966e-01  -2.6540334360448448e-01
  -4.7616839834038900e-17  -2.6540334360448448e-01  -9.6413747214987966e-01
  -1.0000000000000000e+00   3.3561518569676191e-17   4.0149358060823591e-17
   2.1018740182246818e-17   9.6282374065778453e-01  -2.7013042114088393e-01
  -4.7271007691340406e-17  -2.7013042114088393e-01  -9.6282374065778453e-01
  -1.0000000000000000e+00   3.3006679261600702e-17   3.9835847312758114e-17
   2.0330880132368553e-17   9.6147462845467890e-01  -2.7489368642793016e-01
  -4.6918651509005643e-17  -2.7489368642793016e-01  -9.6147462845467890e-01
  -1.0000000000000000e+00   3.2445266496963609e-17   3.9522262439304597e-17
   1.9638627447238460e-17   9.6008953414261844e-01  -2.7969284300784297e-01
  -4.6559688300927956e-17  -2.7969284300784297e-01  -9.6008953414261844e-01
  -1.0000000000000000e+00   3.1877252267465167e-17   3.9208685907173465e-17
   1.8942047214779322e-17   9.5866785303666058e-01  -2.8452758663103239e-01
  -4.6194034816379583e-17  -2.8452758663103239e-01  -9.5866785303666058e-01
  -1.0000000000000000e+00   3.1302608978565924e-17   3.8895201200647157e-17
   1.8241205832387828e-17   9.5720897725813303e-01  -2.8939760513252183e-01
  -4.5821607558072727e-17  -2.8939760513252183e-01  -9.5720897725813303e-01
  -1.0000000000000000e+00   3.0721309469403553e-17   3.8581892824363896e-17
   1.7536171022959363e-17   9.5571229583027917e-01  -2.9430257830813689e-01
  -4.5442322800591645e-17  -2.9430257830813689e-01  -9.5571229583027917e-01
  -1.0000000000000000e+00   3.0133327032949670e-17   3.8268846305904688e-17
   1.6827011850869296e-17   9.5417719477631679e-01  -2.9924217779049611e-01
  -4.5056096609200275e-17  -2.9924217779049611e-01  -9.5417719477631679e-01
  -1.0000000000000000e+00   2.9538635436406377e-17   3.7956148198176804e-17
   1.6113798737903655e-17   9.5260305721994165e-01  -3.0421606692484288e-01
  -4.4662844859028930e-17  -3.0421606692484288e-01  -9.5260305721994165e-01
  -1.0000000000000000e+00   2.8937208941842078e-17   3.7643886081587376e-17
   1.5396603479132266e-17   9.5098926348831136e-01  -3.0922390064475791e-01
  -4.4262483254644390e-17  -3.0922390064475791e-01  -9.5098926348831136e-01
  -1.0000000000000000e+00   2.8329022327065986e-17   3.7332148566000051e-17
   1.4675499258716993e-17   9.4933519121754151e-01  -3.1426532534779239e-01
  -4.3854927350006962e-17  -3.1426532534779239e-01  -9.4933519121754151e-01
  -1.0000000000000000e+00   2.7714050906740713e-17   3.7021025292468278e-17
   1.3950560665647847e-17   9.4764021546075017e-01  -3.1933997877106302e-01
  -4.3440092568818837e-17  -3.1933997877106302e-01  -9.4764021546075017e-01
  -1.0000000000000000e+00   2.7092270553732415e-17   3.6710606934738012e-17
   1.3221863709399510e-17   9.4590370879868069e-01  -3.2444748986685151e-01
  -4.3017894225266981e-17  -3.2444748986685151e-01  -9.4590370879868069e-01
  -1.0000000000000000e+00   2.6463657720697274e-17   3.6400985200513095e-17
   1.2489485835500427e-17   9.4412504145293841e-01  -3.2958747867825205e-01
  -4.2588247545164715e-17  -3.2958747867825205e-01  -9.4412504145293841e-01
  -1.0000000000000000e+00   2.5828189461903821e-17   3.6092252832476324e-17
   1.1753505941006989e-17   9.4230358140187320e-01  -3.3475955621490983e-01
  -4.2151067687495496e-17  -3.3475955621490983e-01  -9.4230358140187320e-01
  -1.0000000000000000e+00   2.5185843455289694e-17   3.5784503609058963e-17
   1.1014004389874631e-17   9.4043869449913897e-01  -3.3996332432889736e-01
  -4.1706269766362336e-17  -3.3996332432889736e-01  -9.4043869449913897e-01
  -1.0000000000000000e+00   2.4536598024751815e-17   3.5477832344951874e-17
   1.0271063028217976e-17   9.3852974459496552e-01  -3.4519837559077354e-01
  -4.1253768873346776e-17  -3.4519837559077354e-01  -9.3852974459496552e-01
  -1.0000000000000000e+00   2.3880432162668740e-17   3.5172334891350599e-17
   9.5247651994516567e-18   9.3657609366017058e-01  -3.5046429316587369e-01
  -4.0793480100280289e-17  -3.5046429316587369e-01  -9.3657609366017058e-01
  -1.0000000000000000e+00   2.3217325552653639e-17   3.4868108135927673e-17
   8.7751957593035384e-18   9.3457710191294696e-01  -3.5576065069087820e-01
  -4.0325318562431950e-17  -3.5576065069087820e-01  -9.3457710191294696e-01
  -1.0000000000000000e+00   2.2547258592536419e-17   3.4565250002524360e-17
   8.0224410906919469e-18   9.3253212794845497e-01  -3.6108701215070910e-01
  -3.9849199422115506e-17  -3.6108701215070910e-01  -9.3253212794845497e-01
  -1.0000000000000000e+00   2.1870212417573533e-17   3.4263859450554690e-17
   7.2665891184578822e-18   9.3044052887124906e-01  -3.6644293175580600e-01
  -3.9365037912718725e-17  -3.6644293175580600e-01  -9.3044052887124906e-01
  -1.0000000000000000e+00   2.1186168923883120e-17   3.3964036474114245e-17
   6.5077293239439074e-18   9.2830166043057227e-01  -3.7182795381983108e-01
  -3.8872749363158552e-17  -3.7182795381983108e-01  -9.2830166043057227e-01
  -1.0000000000000000e+00   2.0495110792104229e-17   3.3665882100786180e-17
   5.7459527594104400e-18   9.2611487715854623e-01  -3.7724161263785672e-01
  -3.8372249222764818e-17  -3.7724161263785672e-01  -9.2611487715854623e-01
  -1.0000000000000000e+00   1.9797021511277754e-17   3.3369498390137042e-17
   4.9813520622802625e-18   9.2387953251128674e-01  -3.8268343236508978e-01
  -3.7863453086595313e-17  -3.8268343236508978e-01  -9.2387953251128674e-01
  -1.0000000000000000e+00   1.9091885402946461e-17   3.3074988431894381e-17
   4.2168896390297881e-18   9.2160359585285845e-01  -3.8813246722102629e-01
  -3.7348222191250398e-17  -3.8813246722102629e-01  -9.2160359585285845e-01
  -1.0000000000000000e+00   1.8382358280053618e-17   3.2783544090572493e-17
   3.4554830941217637e-18   9.1929552115499480e-01  -3.9356796717259207e-01
  -3.6828485964447661e-17  -3.9356796717259207e-01  -9.1929552115499480e-01
  -1.0000000000000000e+00   1.7671122486924942e-17   3.2496294741083568e-17
   2.6971589792251244e-18   9.1695538890457318e-01  -3.9898974267374721e-01
  -3.6304262530360498e-17  -3.9898974267374721e-01  -9.1695538890457318e-01
  -1.0000000000000000e+00   1.6958202825681529e-17   3.2213250400349206e-17
   1.9419437385187045e-18   9.1458328070637773e-01  -4.0439760465704927e-01
  -3.5775570169639554e-17  -4.0439760465704927e-01  -9.1458328070637773e-01
  -1.0000000000000000e+00   1.6243624157164067e-17   3.1934420938654437e-17
   1.1898637077691208e-18   9.1217927928025377e-01  -4.0979136454024612e-01
  -3.5242427318775343e-17  -4.0979136454024612e-01  -9.1217927928025377e-01
  -1.0000000000000000e+00   1.5527411400065963e-17   3.1659816079303580e-17
   4.4094511341230451e-19   9.0974346845822285e-01  -4.1517083423285217e-01
  -3.4704852569455256e-17  -4.1517083423285217e-01  -9.0974346845822285e-01
  -1.0000000000000000e+00   1.4809589530064296e-17   3.1389445398281214e-17
  -3.0478592836096123e-19   9.0727593318155997e-01  -4.2053582614270751e-01
  -3.4162864667915313e-17  -4.2053582614270751e-01  -9.0727593318155997e-01
  -1.0000000000000000e+00   1.4090183578948975e-17   3.1123318323918156e-17
  -1.0473034125158183e-18   9.0477675949783076e-01  -4.2588615318251960e-01
  -3.3616482514286348e-17  -4.2588615318251960e-01  -9.0477675949783076e-01
  -1.0000000000000000e+00   1.3369218633749757e-17   3.0861444136562770e-17
  -1.7865814460802154e-18   9.0224603455789132e-01  -4.3122162877638737e-01
  -3.3065725161934969e-17  -4.3122162877638737e-01  -9.0224603455789132e-01
  -1.0000000000000000e+00   1.2646719835861390e-17   3.0603831968257294e-17
  -2.5225942490477225e-18   8.9968384661284906e-01  -4.3654206686630720e-01
  -3.2510611816799178e-17  -4.3654206686630720e-01  -8.9968384661284906e-01
  -1.0000000000000000e+00   1.1922712380167005e-17   3.0350490802419391e-17
  -3.2553161552766348e-18   8.9709028501098531e-01  -4.4184728191866157e-01
  -3.1951161836718584e-17  -4.4184728191866157e-01  -8.9709028501098531e-01
  -1.0000000000000000e+00   1.1197221514159386e-17   3.0101429473528869e-17
  -3.9847216133849851e-18   8.9446544019463903e-01  -4.4713708893068860e-01
  -3.1387394730759306e-17  -4.4713708893068860e-01  -8.9446544019463903e-01
  -1.0000000000000000e+00   1.0470272537060661e-17   2.9856656666819691e-17
  -4.7107851876415002e-18   8.9180940369705386e-01  -4.5241130343693353e-01
  -3.0819330158533794e-17  -4.5241130343693353e-01  -8.9180940369705386e-01
  -1.0000000000000000e+00   9.7418907989399815e-18   2.9616180917976948e-17
  -5.4334815588526999e-18   8.8912226813918527e-01  -4.5766974151568163e-01
  -3.0246987929515102e-17  -4.5766974151568163e-01  -8.8912226813918527e-01
  -1.0000000000000000e+00   9.0121016998295730e-18   2.9380010612839358e-17
  -6.1527855252457186e-18   8.8640412722647099e-01  -4.6291221979537134e-01
  -2.9670388002346194e-17  -4.6291221979537134e-01  -8.8640412722647099e-01
  -1.0000000000000000e+00   8.2809306888389211e-18   2.9148153987106766e-17
  -6.8686720033472193e-18   8.8365507574556379e-01  -4.6813855546098943e-01
  -2.9089550484143933e-17  -4.6813855546098943e-01  -8.8365507574556379e-01
  -1.0000000000000000e+00   7.5484032632674519e-18   2.8920619126052924e-17
  -7.5811160288580437e-18   8.8087520956102550e-01  -4.7334856626044564e-01
  -2.8504495629797912e-17  -4.7334856626044564e-01  -8.8087520956102550e-01
  -1.0000000000000000e+00   6.8145449677151909e-18   2.8697413964243590e-17
  -8.2900927575237936e-18   8.7806462561198406e-01  -4.7854207051092823e-01
  -2.7915243841264051e-17  -4.7854207051092823e-01  -8.7806462561198406e-01
  -1.0000000000000000e+00   6.0793813931921877e-18   2.8478546285259857e-17
  -8.9955774660011854e-18   8.7522342190875368e-01  -4.8371888710523975e-01
  -2.7321815666853298e-17  -4.8371888710523975e-01  -8.7522342190875368e-01
  -1.0000000000000000e+00   5.3429381762259513e-18   2.8264023721426625e-17
  -9.6975455527202379e-18   8.7235169752941633e-01  -4.8887883551811256e-01
  -2.6724231800514936e-17  -4.8887883551811256e-01  -8.7235169752941633e-01
  -1.0000000000000000e+00   4.6052409979675222e-18   2.8053853753546525e-17
  -1.0395972538742085e-17   8.6944955261636692e-01  -4.9402173581250397e-01
  -2.6122513081114956e-17  -4.9402173581250397e-01  -8.6944955261636692e-01
  -1.0000000000000000e+00   3.8663155832959063e-18   2.7848043710639082e-17
  -1.1090834068612719e-17   8.6651708837282138e-01  -4.9914740864587098e-01
  -2.5516680491709457e-17  -4.9914740864587098e-01  -8.6651708837282138e-01
  -1.0000000000000000e+00   3.1261876999210411e-18   2.7646600769685021e-17
  -1.1782105911212203e-17   8.6355440705928732e-01  -5.0425567527642434e-01
  -2.4906755158812848e-17  -5.0425567527642434e-01  -8.6355440705928732e-01
  -1.0000000000000000e+00   2.3848831574851660e-18   2.7449531955376134e-17
  -1.2469763960599720e-17   8.6056161198999792e-01  -5.0934635756936186e-01
  -2.4292758351661141e-17  -5.0934635756936186e-01  -8.6056161198999792e-01
  -1.0000000000000000e+00   1.6424278066628247e-18   2.7256844139870174e-17
  -1.3153784236854171e-17   8.5753880752930955e-01  -5.1441927800307963e-01
  -2.3674711481470310e-17  -5.1441927800307963e-01  -8.5753880752930955e-01
  -1.0000000000000000e+00   8.9884753825941889e-19   2.7068544042551321e-17
  -1.3834142886910428e-17   8.5448609908806183e-01  -5.1947425967536343e-01
  -2.3052636100689523e-17  -5.1947425967536343e-01  -8.5448609908806183e-01
  -1.0000000000000000e+00   1.5416828230828911e-19   2.6884638229795816e-17
  -1.4510816185391073e-17   8.5140359311990232e-01  -5.2451112630955676e-01
  -2.2426553902249704e-17  -5.2451112630955676e-01  -8.5140359311990232e-01
  -1.0000000000000000e+00  -5.9158399283341833e-19   2.6705133114742976e-17
  -1.5183780535433809e-17   8.4829139711757373e-01  -5.2952970226070872e-01
  -2.1796486718806942e-17  -5.2952970226070872e-01  -8.4829139711757373e-01
  -1.0000000000000000e+00  -1.3383832813904377e-18   2.6530034957071588e-17
  -1.5853012469514287e-17   8.4514961960916613e-01  -5.3452981252169829e-01
  -2.1162456521981253e-17  -5.3452981252169829e-01  -8.4514961960916613e-01
  -1.0000000000000000e+00  -2.0862035410761240e-18   2.6359349862781573e-17
  -1.6518488650264460e-17   8.4197837015433152e-01  -5.3951128272933779e-01
  -2.0524485421590291e-17  -5.3951128272933779e-01  -8.4197837015433152e-01
  -1.0000000000000000e+00  -2.8350186940007277e-18   2.6193083783981126e-17
  -1.7180185871286498e-17   8.3877775934046406e-01  -5.4447393917045328e-01
  -1.9882595664878389e-17  -5.4447393917045328e-01  -8.3877775934046406e-01
  -1.0000000000000000e+00  -3.5848026275806676e-18   2.6031242518679064e-17
  -1.7838081057961844e-17   8.3554789877884339e-01  -5.4941760878794155e-01
  -1.9236809635740784e-17  -5.4941760878794155e-01  -8.3554789877884339e-01
  -1.0000000000000000e+00  -4.3355291954491788e-18   2.5873831710582710e-17
  -1.8492151268256091e-17   8.3228890110074227e-01  -5.5434211918680576e-01
  -1.8587149853942963e-17  -5.5434211918680576e-01  -8.3228890110074227e-01
  -1.0000000000000000e+00  -5.0871722183680877e-18   2.5720856848901078e-17
  -1.9142373693518773e-17   8.2900087995349947e-01  -5.5924729864016642e-01
  -1.7933638974335464e-17  -5.5924729864016642e-01  -8.2900087995349947e-01
  -1.0000000000000000e+00  -5.8397054851406719e-18   2.5572323268153445e-17
  -1.9788725659279068e-17   8.2568394999655581e-01  -5.6413297609525104e-01
  -1.7276299786063691e-17  -5.6413297609525104e-01  -8.2568394999655581e-01
  -1.0000000000000000e+00  -6.5931027535258883e-18   2.5428236147983295e-17
  -2.0431184626036102e-17   8.2233822689745717e-01  -5.6899898117935699e-01
  -1.6615155211773503e-17  -5.6899898117935699e-01  -8.2233822689745717e-01
  -1.0000000000000000e+00  -7.3473377511531073e-18   2.5288600512977742e-17
  -2.1069728190045319e-17   8.1896382732781914e-01  -5.7384514420579535e-01
  -1.5950228306811473e-17  -5.7384514420579535e-01  -8.1896382732781914e-01
  -1.0000000000000000e+00  -8.1023841764387557e-18   2.5153421232492301e-17
  -2.1704334084099415e-17   8.1556086895926028e-01  -5.7867129617980562e-01
  -1.5281542258421299e-17  -5.7867129617980562e-01  -8.1556086895926028e-01
  -1.0000000000000000e+00  -8.8582156995030790e-18   2.5022703020481077e-17
  -2.2334980178305196e-17   8.1212947045929706e-01  -5.8347726880445117e-01
  -1.4609120384934881e-17  -5.8347726880445117e-01  -8.1212947045929706e-01
  -1.0000000000000000e+00  -9.6148059630886521e-18   2.4896450435332342e-17
  -2.2961644480854861e-17   8.0866975148720732e-01  -5.8826289448648583e-01
  -1.3932986134959469e-17  -5.8826289448648583e-01  -8.0866975148720732e-01
  -1.0000000000000000e+00  -1.0372128583479174e-17   2.4774667879709705e-17
  -2.3584305138793316e-17   8.0518183268985577e-01  -5.9302800634220065e-01
