   6.1232339957367660e-17  -1.0000000000000000e+00   0.0000000000000000e+00
   6.1232339957367660e-17   3.7493994566546440e-33   1.0000000000000000e+00
  -1.0000000000000000e+00  -6.1232339957367660e-17   6.1232339957367660e-17
   6.1232339957367660e-17  -1.0000000000000000e+00   0.0000000000000000e+00
   6.1232339957367660e-17   3.7493994566546440e-33   1.0000000000000000e+00
  -1.0000000000000000e+00  -6.1232339957367660e-17   6.1232339957367660e-17
   6.1233019634476539e-17  -9.9999999975357590e-01   2.2200185520180186e-05
   6.1231660265169660e-17   2.2200185520180186e-05   9.9999999975357590e-01
  -1.0000000000000000e+00  -6.1231660265169648e-17   6.1233019634476539e-17
   6.1235058575265091e-17  -9.9999999605721412e-01   8.8800741971307518e-05
   6.1229621098044231e-17   8.8800741971307518e-05   9.9999999605721412e-01
  -1.0000000000000000e+00  -6.1229621098044231e-17   6.1235058575265091e-17
   6.1238456508098887e-17  -9.9999998003964641e-01   1.9980166836866295e-04
   6.1226222184417280e-17   1.9980166836866295e-04   9.9999998003964641e-01
  -1.0000000000000000e+00  -6.1226222184417293e-17   6.1238456508098887e-17
   6.1243212980186953e-17  -9.9999993691542632e-01   3.5520296088278387e-04
   6.1221463071732310e-17   3.5520296088278387e-04   9.9999993691542632e-01
  -1.0000000000000000e+00  -6.1221463071732310e-17   6.1243212980186953e-17
   6.1249327357481240e-17  -9.9999984598492986e-01   5.5500460955706704e-04
   6.1215343126550937e-17   5.5500460955706704e-04   9.9999984598492986e-01
  -1.0000000000000000e+00  -6.1215343126550949e-17   6.1249327357481253e-17
   6.1256798824536107e-17  -9.9999968063435929e-01   7.9920659371241496e-04
   6.1207861534693741e-17   7.9920659371241496e-04   9.9999968063435929e-01
  -1.0000000000000000e+00  -6.1207861534693729e-17   6.1256798824536095e-17
   6.1265626384327525e-17  -9.9999940833574952e-01   1.0878088760389246e-03
   6.1199017301421270e-17   1.0878088760389246e-03   9.9999940833574952e-01
  -1.0000000000000000e+00  -6.1199017301421270e-17   6.1265626384327525e-17
   6.1275808858032464e-17  -9.9999899064697995e-01   1.4208113953746221e-03
   6.1188809251655589e-17   1.4208113953746221e-03   9.9999899064697995e-01
  -1.0000000000000000e+00  -6.1188809251655601e-17   6.1275808858032477e-17
   6.1287344884768145e-17  -9.9999838321179346e-01   1.7982140581712487e-03
   6.1177236030242082e-17   1.7982140581712487e-03   9.9999838321179346e-01
  -1.0000000000000000e+00  -6.1177236030242070e-17   6.1287344884768133e-17
   6.1300232921291401e-17  -9.9999753575982597e-01   2.2200167286471066e-03
   6.1164296102251845e-17   2.2200167286471066e-03   9.9999753575982597e-01
  -1.0000000000000000e+00  -6.1164296102251832e-17   6.1300232921291401e-17
   6.1314471241658437e-17  -9.9999639210664892e-01   2.6862192176269717e-03
   6.1149987753324679e-17   2.6862192176269717e-03   9.9999639210664892e-01
  -1.0000000000000000e+00  -6.1149987753324691e-17   6.1314471241658437e-17
   6.1330057936844611e-17  -9.9999489015382836e-01   3.1968212700690989e-03
   6.1134309090052799e-17   3.1968212700690989e-03   9.9999489015382836e-01
  -1.0000000000000000e+00  -6.1134309090052799e-17   6.1330057936844611e-17
   6.1346990914324919e-17  -9.9999296188900433e-01   3.7518225512793344e-03
   6.1117258040405264e-17   3.7518225512793344e-03   9.9999296188900433e-01
  -1.0000000000000000e+00  -6.1117258040405252e-17   6.1346990914324906e-17
   6.1365267897614851e-17  -9.9999053338599586e-01   4.3512226318123725e-03
   6.1098832354193518e-17   4.3512226318123725e-03   9.9999053338599586e-01
  -1.0000000000000000e+00  -6.1098832354193518e-17   6.1365267897614851e-17
   6.1384886425772070e-17  -9.9998752480493414e-01   4.9950209710601995e-03
   6.1079029603577933e-17   4.9950209710601995e-03   9.9998752480493414e-01
  -1.0000000000000000e+00  -6.1079029603577945e-17   6.1384886425772083e-17
   6.1405843852858925e-17  -9.9998385039243154e-01   5.6832168995277731e-03
   6.1057847183615581e-17   5.6832168995277731e-03   9.9998385039243154e-01
  -1.0000000000000000e+00  -6.1057847183615581e-17   6.1405843852858925e-17
   6.1428137347365950e-17  -9.9997941848179017e-01   6.4158095997960095e-03
   6.1035282312849506e-17   6.4158095997960095e-03   9.9997941848179017e-01
  -1.0000000000000000e+00  -6.1035282312849493e-17   6.1428137347365950e-17
   6.1451763891596695e-17  -9.9997413149325598e-01   7.1927980861721669e-03
   6.1011332033939497e-17   7.1927980861721669e-03   9.9997413149325598e-01
  -1.0000000000000000e+00  -6.1011332033939484e-17   6.1451763891596682e-17
   6.1476720281013826e-17  -9.9996788593432617e-01   8.0141811830277063e-03
   6.0985993214334738e-17   8.0141811830277063e-03   9.9996788593432617e-01
  -1.0000000000000000e+00  -6.0985993214334738e-17   6.1476720281013826e-17
   6.1503003123547056e-17  -9.9996057240011504e-01   8.8799575018237778e-03
   6.0959262546988407e-17   8.8799575018237778e-03   9.9996057240011504e-01
  -1.0000000000000000e+00  -6.0959262546988407e-17   6.1503003123547056e-17
   6.1530608838862691e-17  -9.9995207557378607e-01   9.7901254168244675e-03
   6.0931136551114436e-17   9.7901254168244675e-03   9.9995207557378607e-01
  -1.0000000000000000e+00  -6.0931136551114423e-17   6.1530608838862691e-17
   6.1559533657595465e-17  -9.9994227422705795e-01   1.0744683039497981e-02
   6.0901611572986766e-17   1.0744683039497981e-02   9.9994227422705795e-01
  -1.0000000000000000e+00  -6.0901611572986766e-17   6.1559533657595465e-17
   6.1589773620542573e-17  -9.9993104122079202e-01   1.1743628191605951e-02
   6.0870683786781235e-17   1.1743628191605951e-02   9.9993104122079202e-01
  -1.0000000000000000e+00  -6.0870683786781235e-17   6.1589773620542573e-17
   6.1621324577820415e-17  -9.9991824350567049e-01   1.2786958376981123e-02
   6.0838349195460393e-17   1.2786958376981123e-02   9.9991824350567049e-01
  -1.0000000000000000e+00  -6.0838349195460393e-17   6.1621324577820415e-17
   6.1654182187984114e-17  -9.9990374212297239e-01   1.3874670751993700e-02
   6.0804603631701488e-17   1.3874670751993700e-02   9.9990374212297239e-01
  -1.0000000000000000e+00  -6.0804603631701476e-17   6.1654182187984102e-17
   6.1688341917110271e-17  -9.9988739220545875e-01   1.5006762094706607e-02
   6.0769442758867850e-17   1.5006762094706607e-02   9.9988739220545875e-01
  -1.0000000000000000e+00  -6.0769442758867863e-17   6.1688341917110271e-17
   6.1723799037843192e-17  -9.9986904297837420e-01   1.6183228772720101e-02
   6.0732862072024142e-17   1.6183228772720101e-02   9.9986904297837420e-01
  -1.0000000000000000e+00  -6.0732862072024130e-17   6.1723799037843180e-17
   6.1760548628404848e-17  -9.9984853776057703e-01   1.7404066709706050e-02
   6.0694856898995417e-17   1.7404066709706050e-02   9.9984853776057703e-01
  -1.0000000000000000e+00  -6.0694856898995417e-17   6.1760548628404848e-17
   6.1798585571569042e-17  -9.9982571396580733e-01   1.8669271350632406e-02
   6.0655422401470774e-17   1.8669271350632406e-02   9.9982571396580733e-01
  -1.0000000000000000e+00  -6.0655422401470774e-17   6.1798585571569042e-17
   6.1837904553599951e-17  -9.9980040310410301e-01   1.9978837625678335e-02
   6.0614553576151370e-17   1.9978837625678335e-02   9.9980040310410301e-01
  -1.0000000000000000e+00  -6.0614553576151370e-17   6.1837904553599951e-17
   6.1878500063155581e-17  -9.9977243078337641e-01   2.1332759912840546e-02
   6.0572245255943622e-17   2.1332759912840546e-02   9.9977243078337641e-01
  -1.0000000000000000e+00  -6.0572245255943610e-17   6.1878500063155569e-17
   6.1920366390156349e-17  -9.9974161671116302e-01   2.2731031999231554e-02
   6.0528492111197596e-17   2.2731031999231554e-02   9.9974161671116302e-01
  -1.0000000000000000e+00  -6.0528492111197609e-17   6.1920366390156361e-17
   6.1963497624619376e-17  -9.9970777469655292e-01   2.4173647041070424e-02
   6.0483288650991138e-17   2.4173647041070424e-02   9.9970777469655292e-01
  -1.0000000000000000e+00  -6.0483288650991126e-17   6.1963497624619364e-17
   6.2007887655458606e-17  -9.9967071265231888e-01   2.5660597522366924e-02
   6.0436629224459842e-17   2.5660597522366924e-02   9.9967071265231888e-01
  -1.0000000000000000e+00  -6.0436629224459854e-17   6.2007887655458606e-17
   6.2053530169251523e-17  -9.9963023259725325e-01   2.7191875212299804e-02
   6.0388508022173661e-17   2.7191875212299804e-02   9.9963023259725325e-01
  -1.0000000000000000e+00  -6.0388508022173661e-17   6.2053530169251523e-17
   6.2100418648972580e-17  -9.9958613065872703e-01   2.8767471121290234e-02
   6.0338919077559979e-17   2.8767471121290234e-02   9.9958613065872703e-01
  -1.0000000000000000e+00  -6.0338919077559979e-17   6.2100418648972580e-17
   6.2148546372694014e-17  -9.9953819707548441e-01   3.0387375455771373e-02
   6.0287856268374055e-17   3.0387375455771373e-02   9.9953819707548441e-01
  -1.0000000000000000e+00  -6.0287856268374068e-17   6.2148546372694026e-17
   6.2197906412254390e-17  -9.9948621620068789e-01   3.2051577571655172e-02
   6.0235313318216860e-17   3.2051577571655172e-02   9.9948621620068789e-01
  -1.0000000000000000e+00  -6.0235313318216860e-17   6.2197906412254390e-17
   6.2248491631895368e-17  -9.9942996650522664e-01   3.3760065926497704e-02
   6.0181283798100906e-17   3.3760065926497704e-02   9.9942996650522664e-01
  -1.0000000000000000e+00  -6.0181283798100919e-17   6.2248491631895368e-17
   6.2300294686867253e-17  -9.9936922058130540e-01   3.5512828030364263e-02
   6.0125761128064453e-17   3.5512828030364263e-02   9.9936922058130540e-01
  -1.0000000000000000e+00  -6.0125761128064453e-17   6.2300294686867253e-17
   6.2353308022003794e-17  -9.9930374514632592e-01   3.7309850395395666e-02
   6.0068738578834391e-17   3.7309850395395666e-02   9.9930374514632592e-01
  -1.0000000000000000e+00  -6.0068738578834404e-17   6.2353308022003794e-17
   6.2407523870266703e-17  -9.9923330104708064e-01   3.9151118484077423e-02
   6.0010209273538497e-17   3.9151118484077423e-02   9.9923330104708064e-01
  -1.0000000000000000e+00  -6.0010209273538497e-17   6.2407523870266703e-17
   6.2462934251260582e-17  -9.9915764326427037e-01   4.1036616656213283e-02
   5.9950166189467153e-17   4.1036616656213283e-02   9.9915764326427037e-01
  -1.0000000000000000e+00  -5.9950166189467165e-17   6.2462934251260595e-17
   6.2519530969718634e-17  -9.9907652091736598e-01   4.2966328114605053e-02
   5.9888602159885323e-17   4.2966328114605053e-02   9.9907652091736598e-01
  -1.0000000000000000e+00  -5.9888602159885335e-17   6.2519530969718634e-17
   6.2577305613959870e-17  -9.9898967726982901e-01   4.4940234849440749e-02
   5.9825509875894970e-17   4.4940234849440749e-02   9.9898967726982901e-01
  -1.0000000000000000e+00  -5.9825509875894970e-17   6.2577305613959870e-17
   6.2636249554318404e-17  -9.9889684973470860e-01   4.6958317581392822e-02
   5.9760881888348523e-17   4.6958317581392822e-02   9.9889684973470860e-01
  -1.0000000000000000e+00  -5.9760881888348535e-17   6.2636249554318416e-17
   6.2696353941545366e-17  -9.9879776988063351e-01   4.9020555703429135e-02
   5.9694710609813914e-17   4.9020555703429135e-02   9.9879776988063351e-01
  -1.0000000000000000e+00  -5.9694710609813914e-17   6.2696353941545366e-17
   6.2757609705184038e-17  -9.9869216343821576e-01   5.1126927221338686e-02
   5.9626988316591432e-17   5.1126927221338686e-02   9.9869216343821576e-01
  -1.0000000000000000e+00  -5.9626988316591432e-17   6.2757609705184038e-17
   6.2820007551919018e-17  -9.9857975030688551e-01   5.3277408692974995e-02
   5.9557707150783166e-17   5.3277408692974995e-02   9.9857975030688551e-01
  -1.0000000000000000e+00  -5.9557707150783154e-17   6.2820007551919018e-17
   6.2883537963899913e-17  -9.9846024456217497e-01   5.5471975166219489e-02
   5.9486859122415297e-17   5.5471975166219489e-02   9.9846024456217497e-01
  -1.0000000000000000e+00  -5.9486859122415309e-17   6.2883537963899913e-17
   6.2948191197040264e-17  -9.9833335446347249e-01   5.7710600115668226e-02
   5.9414436111613968e-17   5.7710600115668226e-02   9.9833335446347249e-01
  -1.0000000000000000e+00  -5.9414436111613980e-17   6.2948191197040277e-17
   6.3013957279292523e-17  -9.9819878246226323e-01   5.9993255378044660e-02
   5.9340429870834926e-17   5.9993255378044660e-02   9.9819878246226323e-01
  -1.0000000000000000e+00  -5.9340429870834913e-17   6.3013957279292523e-17
   6.3080826008899584e-17  -9.9805622521087978e-01   6.2319911086342078e-02
   5.9264832027147769e-17   6.2319911086342078e-02   9.9805622521087978e-01
  -1.0000000000000000e+00  -5.9264832027147756e-17   6.3080826008899584e-17
   6.3148786952623799e-17  -9.9790537357178111e-01   6.4690535602698898e-02
   5.9187634084575139e-17   6.4690535602698898e-02   9.9790537357178111e-01
  -1.0000000000000000e+00  -5.9187634084575139e-17   6.3148786952623799e-17
   6.3217829443954076e-17  -9.9774591262738077e-01   6.7105095450010768e-02
   5.9108827426487410e-17   6.7105095450010768e-02   9.9774591262738077e-01
  -1.0000000000000000e+00  -5.9108827426487410e-17   6.3217829443954076e-17
   6.3287942581292007e-17  -9.9757752169044678e-01   6.9563555242283331e-02
   5.9028403318053392e-17   6.9563555242283331e-02   9.9757752169044678e-01
  -1.0000000000000000e+00  -5.9028403318053405e-17   6.3287942581292020e-17
   6.3359115226117569e-17  -9.9739987431509280e-01   7.2065877613729651e-02
   5.8946352908747630e-17   7.2065877613729651e-02   9.9739987431509280e-01
  -1.0000000000000000e+00  -5.8946352908747617e-17   6.3359115226117569e-17
   6.3431336001135396e-17  -9.9721263830838436e-01   7.4612023146616968e-02
   5.8862667234914765e-17   7.4612023146616968e-02   9.9721263830838436e-01
  -1.0000000000000000e+00  -5.8862667234914778e-17   6.3431336001135408e-17
   6.3504593288402425e-17  -9.9701547574258131e-01   7.7201950297867181e-02
   5.8777337222391628e-17   7.7201950297867181e-02   9.9701547574258131e-01
  -1.0000000000000000e+00  -5.8777337222391615e-17   6.3504593288402425e-17
   6.3578875227437629e-17  -9.9680804296803904e-01   7.9835615324416020e-02
   5.8690353689187350e-17   7.9835615324416020e-02   9.9680804296803904e-01
  -1.0000000000000000e+00  -5.8690353689187362e-17   6.3578875227437629e-17
   6.3654169713314867e-17  -9.9658999062679299e-01   8.2512972207336208e-02
   5.8601707348222429e-17   8.2512972207336208e-02   9.9658999062679299e-01
  -1.0000000000000000e+00  -5.8601707348222429e-17   6.3654169713314867e-17
   6.3730464394739671e-17  -9.9636096366684812e-01   8.5233972574729630e-02
   5.8511388810126877e-17   8.5233972574729630e-02   9.9636096366684812e-01
  -1.0000000000000000e+00  -5.8511388810126877e-17   6.3730464394739671e-17
   6.3807746672110763e-17  -9.9612060135719760e-01   8.7998565623394850e-02
   5.8419388586098328e-17   8.7998565623394850e-02   9.9612060135719760e-01
  -1.0000000000000000e+00  -5.8419388586098328e-17   6.3807746672110763e-17
   6.3886003695567432e-17  -9.9586853730359604e-01   9.0806698039275199e-02
   5.8325697090820500e-17   9.0806698039275199e-02   9.9586853730359604e-01
  -1.0000000000000000e+00  -5.8325697090820500e-17   6.3886003695567432e-17
   6.3965222363023516e-17  -9.9560439946510981e-01   9.3658313916694436e-02
   5.8230304645442626e-17   9.3658313916694436e-02   9.9560439946510981e-01
  -1.0000000000000000e+00  -5.8230304645442626e-17   6.3965222363023516e-17
   6.4045389318189127e-17  -9.9532781017147109e-01   9.6553354676386177e-02
   5.8133201480620353e-17   9.6553354676386177e-02   9.9532781017147109e-01
  -1.0000000000000000e+00  -5.8133201480620353e-17   6.4045389318189127e-17
   6.4126490948580954e-17  -9.9503838614125995e-01   9.9491758982324069e-02
   5.8034377739618809e-17   9.9491758982324069e-02   9.9503838614125995e-01
  -1.0000000000000000e+00  -5.8034377739618797e-17   6.4126490948580954e-17
   6.4208513383522250e-17  -9.9473573850094010e-01   1.0247346265736004e-01
   5.7933823481478158e-17   1.0247346265736004e-01   9.9473573850094010e-01
  -1.0000000000000000e+00  -5.7933823481478158e-17   6.4208513383522250e-17
   6.4291442492133422e-17  -9.9441947280477438e-01   1.0549839859767832e-01
   5.7831528684242506e-17   1.0549839859767832e-01   9.9441947280477438e-01
  -1.0000000000000000e+00  -5.7831528684242506e-17   6.4291442492133422e-17
   6.4375263881314489e-17  -9.9408918905564658e-01   1.0856649668607274e-01
   5.7727483248252454e-17   1.0856649668607274e-01   9.9408918905564658e-01
  -1.0000000000000000e+00  -5.7727483248252454e-17   6.4375263881314489e-17
   6.4459962893720155e-17  -9.9374448172681529e-01   1.1167768370405630e-01
   5.7621676999502003e-17   1.1167768370405630e-01   9.9374448172681529e-01
  -1.0000000000000000e+00  -5.7621676999501991e-17   6.4459962893720155e-17
   6.4545524605728886e-17  -9.9338493978462816e-01   1.1483188324281102e-01
   5.7514099693060334e-17   1.1483188324281102e-01   9.9338493978462816e-01
  -1.0000000000000000e+00  -5.7514099693060334e-17   6.4545524605728886e-17
   6.4631933825406942e-17  -9.9301014671222221e-01   1.1802901561298748e-01
   5.7404741016559039e-17   1.1802901561298748e-01   9.9301014671222221e-01
  -1.0000000000000000e+00  -5.7404741016559051e-17   6.4631933825406954e-17
   6.4719175090468536e-17  -9.9261968053423899e-01   1.2126899775336353e-01
   5.7293590593745328e-17   1.2126899775336353e-01   9.9261968053423899e-01
  -1.0000000000000000e+00  -5.7293590593745328e-17   6.4719175090468536e-17
   6.4807232666233249e-17  -9.9221311384258226e-01   1.2455174313837168e-01
   5.7180637988101739e-17   1.2455174313837168e-01   9.9221311384258226e-01
  -1.0000000000000000e+00  -5.7180637988101752e-17   6.4807232666233261e-17
   6.4896090543581992e-17  -9.9179001382324616e-01   1.2787716168450600e-01
   5.7065872706533054e-17   1.2787716168450600e-01   9.9179001382324616e-01
  -1.0000000000000000e+00  -5.7065872706533054e-17   6.4896090543581992e-17
   6.4985732436912527e-17  -9.9134994228424267e-01   1.3124515965561856e-01
   5.6949284203120692e-17   1.3124515965561856e-01   9.9134994228424267e-01
  -1.0000000000000000e+00  -5.6949284203120692e-17   6.4985732436912527e-17
   6.5076141782095968e-17  -9.9089245568465734e-01   1.3465563956711707e-01
   5.6830861882945489e-17   1.3465563956711707e-01   9.9089245568465734e-01
  -1.0000000000000000e+00  -5.6830861882945502e-17   6.5076141782095981e-17
   6.5167301734435426e-17  -9.9041710516486237e-01   1.3810850008907502e-01
   5.6710595105979042e-17   1.3810850008907502e-01   9.9041710516486237e-01
  -1.0000000000000000e+00  -5.6710595105979042e-17   6.5167301734435426e-17
   6.5259195166627930e-17  -9.8992343657791571e-01   1.4160363594826650e-01
   5.6588473191044349e-17   1.4160363594826650e-01   9.8992343657791571e-01
  -1.0000000000000000e+00  -5.6588473191044349e-17   6.5259195166627930e-17
   6.5351804666731252e-17  -9.8941099052217851e-01   1.4514093782913778e-01
   5.6464485419846321e-17   1.4514093782913778e-01   9.8941099052217851e-01
  -1.0000000000000000e+00  -5.6464485419846309e-17   6.5351804666731240e-17
   6.5445112536136573e-17  -9.8887930237517685e-01   1.4872029227372960e-01
   5.6338621041072478e-17   1.4872029227372960e-01   9.8887930237517685e-01
  -1.0000000000000000e+00  -5.6338621041072490e-17   6.5445112536136585e-17
   6.5539100787548675e-17  -9.8832790232874279e-01   1.5234158158056235e-01
   5.6210869274564617e-17   1.5234158158056235e-01   9.8832790232874279e-01
  -1.0000000000000000e+00  -5.6210869274564617e-17   6.5539100787548675e-17
   6.5633751142974707e-17  -9.8775631542546116e-01   1.5600468370249920e-01
   5.6081219315561666e-17   1.5600468370249920e-01   9.8775631542546116e-01
  -1.0000000000000000e+00  -5.6081219315561679e-17   6.5633751142974719e-17
   6.5729045031723213e-17  -9.8716406159645631e-01   1.5970947214360129e-01
   5.5949660339014479e-17   1.5970947214360129e-01   9.8716406159645631e-01
  -1.0000000000000000e+00  -5.5949660339014492e-17   6.5729045031723225e-17
   6.5824963588414573e-17  -9.8655065570054723e-01   1.6345581585498964e-01
   5.5816181503972965e-17   1.6345581585498964e-01   9.8655065570054723e-01
  -1.0000000000000000e+00  -5.5816181503972977e-17   6.5824963588414585e-17
   6.5921487651004504e-17  -9.8591560756480456e-01   1.6724357912972995e-01
   5.5680771958045960e-17   1.6724357912972995e-01   9.8591560756480456e-01
  -1.0000000000000000e+00  -5.5680771958045947e-17   6.5921487651004492e-17
   6.6018597758821915e-17  -9.8525842202654002e-01   1.7107262149675628e-01
   5.5543420841934456e-17   1.7107262149675628e-01   9.8525842202654002e-01
  -1.0000000000000000e+00  -5.5543420841934456e-17   6.6018597758821915e-17
   6.6116274150622809e-17  -9.8457859897676003e-01   1.7494279761384993e-01
   5.5404117294038583e-17   1.7494279761384993e-01   9.8457859897676003e-01
  -1.0000000000000000e+00  -5.5404117294038583e-17   6.6116274150622809e-17
   6.6214496762661436e-17  -9.8387563340511663e-01   1.7885395715969088e-01
   5.5262850455138768e-17   1.7885395715969088e-01   9.8387563340511663e-01
  -1.0000000000000000e+00  -5.5262850455138761e-17   6.6214496762661424e-17
   6.6313245226780569e-17  -9.8314901544638700e-01   1.8280594472500042e-01
   5.5119609473151576e-17   1.8280594472500042e-01   9.8314901544638700e-01
  -1.0000000000000000e+00  -5.5119609473151583e-17   6.6313245226780569e-17
   6.6412498868522231e-17  -9.8239823042851415e-01   1.8679859970279214e-01
   5.4974383507960621e-17   1.8679859970279214e-01   9.8239823042851415e-01
  -1.0000000000000000e+00  -5.4974383507960627e-17   6.6412498868522231e-17
   6.6512236705260576e-17  -9.8162275892224260e-01   1.9083175617775130e-01
   5.4827161736323006e-17   1.9083175617775130e-01   9.8162275892224260e-01
  -1.0000000000000000e+00  -5.4827161736323000e-17   6.6512236705260564e-17
   6.6612437444358440e-17  -9.8082207679238065e-01   1.9490524281476201e-01
   5.4677933356851641e-17   1.9490524281476201e-01   9.8082207679238065e-01
  -1.0000000000000000e+00  -5.4677933356851641e-17   6.6612437444358440e-17
   6.6713079481349337e-17  -9.7999565525072307e-01   1.9901888274660237e-01
   5.4526687595073880e-17   1.9901888274660237e-01   9.7999565525072307e-01
  -1.0000000000000000e+00  -5.4526687595073874e-17   6.6713079481349325e-17
   6.6814140898146381e-17  -9.7914296091066777e-01   2.0317249346082894e-01
   5.4373413708566842e-17   2.0317249346082894e-01   9.7914296091066777e-01
  -1.0000000000000000e+00  -5.4373413708566842e-17   6.6814140898146381e-17
   6.6915599461280024e-17  -9.7826345584355867e-01   2.0736588668587178e-01
   5.4218100992169743e-17   2.0736588668587178e-01   9.7826345584355867e-01
  -1.0000000000000000e+00  -5.4218100992169743e-17   6.6915599461280024e-17
   6.7017432620166143e-17  -9.7735659763679017e-01   2.1159886827636251e-01
   5.4060738783273654e-17   2.1159886827636251e-01   9.7735659763679017e-01
  -1.0000000000000000e+00  -5.4060738783273654e-17   6.7017432620166143e-17
   6.7119617505406299e-17  -9.7642183945370553e-01   2.1587123809771885e-01
   5.3901316467188921e-17   2.1587123809771885e-01   9.7642183945370553e-01
  -1.0000000000000000e+00  -5.3901316467188921e-17   6.7119617505406299e-17
   6.7222130927121977e-17  -9.7545863009532341e-01   2.2018278991000861e-01
   5.3739823482590673e-17   2.2018278991000861e-01   9.7545863009532341e-01
  -1.0000000000000000e+00  -5.3739823482590679e-17   6.7222130927121989e-17
   6.7324949373324470e-17  -9.7446641406392687e-01   2.2453331125111797e-01
   5.3576249327042567e-17   2.2453331125111797e-01   9.7446641406392687e-01
  -1.0000000000000000e+00  -5.3576249327042554e-17   6.7324949373324458e-17
   6.7428049008322302e-17  -9.7344463162854888e-01   2.2892258331924956e-01
   5.3410583562599191e-17   2.2892258331924956e-01   9.7344463162854888e-01
  -1.0000000000000000e+00  -5.3410583562599191e-17   6.7428049008322302e-17
   6.7531405671168112e-17  -9.7239271889238832e-01   2.3335038085477514e-01
   5.3242815821487307e-17   2.3335038085477514e-01   9.7239271889238832e-01
  -1.0000000000000000e+00  -5.3242815821487319e-17   6.7531405671168125e-17
   6.7634994874146662e-17  -9.7131010786219085e-01   2.3781647202147119e-01
   5.3072935811866123e-17   2.3781647202147119e-01   9.7131010786219085e-01
  -1.0000000000000000e+00  -5.3072935811866123e-17   6.7634994874146662e-17
   6.7738791801305970e-17  -9.7019622651962889e-01   2.4232061828716306e-01
   5.2900933323666883e-17   2.4232061828716306e-01   9.7019622651962889e-01
  -1.0000000000000000e+00  -5.2900933323666889e-17   6.7738791801305983e-17
   6.7842771307033636e-17  -9.6905049889471562e-01   2.4686257430380709e-01
   5.2726798234511981e-17   2.4686257430380709e-01   9.6905049889471562e-01
  -1.0000000000000000e+00  -5.2726798234511981e-17   6.7842771307033636e-17
   6.7946907914679959e-17  -9.6787234514128717e-01   2.5144208778703930e-01
   5.2550520515713685e-17   2.5144208778703930e-01   9.6787234514128717e-01
  -1.0000000000000000e+00  -5.2550520515713685e-17   6.7946907914679959e-17
   6.8051175815230136e-17  -9.6666118161458647e-01   2.5605889939522025e-01
   5.2372090238352604e-17   2.5605889939522025e-01   9.6666118161458647e-01
  -1.0000000000000000e+00  -5.2372090238352604e-17   6.8051175815230136e-17
   6.8155548866027383e-17  -9.6541642095098579e-01   2.6071274260800725e-01
   5.2191497579436197e-17   2.6071274260800725e-01   9.6541642095098579e-01
  -1.0000000000000000e+00  -5.2191497579436190e-17   6.8155548866027383e-17
   6.8260000589549021e-17  -9.6413747214987966e-01   2.6540334360448448e-01
   5.2008732828137164e-17   2.6540334360448448e-01   9.6413747214987966e-01
  -1.0000000000000000e+00  -5.2008732828137171e-17   6.8260000589549021e-17
   6.8364504172237509e-17  -9.6282374065778453e-01   2.7013042114088393e-01
   5.1823786392112010e-17   2.7013042114088393e-01   9.6282374065778453e-01
  -1.0000000000000000e+00  -5.1823786392111997e-17   6.8364504172237497e-17
   6.8469032463388677e-17  -9.6147462845467890e-01   2.7489368642793016e-01
   5.1636648803899635e-17   2.7489368642793016e-01   9.6147462845467890e-01
  -1.0000000000000000e+00  -5.1636648803899647e-17   6.8469032463388690e-17
   6.8573557974099067e-17  -9.6008953414261844e-01   2.7969284300784297e-01
   5.1447310727400155e-17   2.7969284300784297e-01   9.6008953414261844e-01
  -1.0000000000000000e+00  -5.1447310727400167e-17   6.8573557974099067e-17
   6.8678052876274493e-17  -9.5866785303666058e-01   2.8452758663103239e-01
   5.1255762964433740e-17   2.8452758663103239e-01   9.5866785303666058e-01
  -1.0000000000000000e+00  -5.1255762964433752e-17   6.8678052876274505e-17
   6.8782489001702244e-17  -9.5720897725813303e-01   2.8939760513252183e-01
   5.1061996461379627e-17   2.8939760513252183e-01   9.5720897725813303e-01
  -1.0000000000000000e+00  -5.1061996461379620e-17   6.8782489001702244e-17
   6.8886837841188651e-17  -9.5571229583027917e-01   2.9430257830813689e-01
   5.0866002315894995e-17   2.9430257830813689e-01   9.5571229583027917e-01
  -1.0000000000000000e+00  -5.0866002315894995e-17   6.8886837841188651e-17
   6.8991070543764613e-17  -9.5417719477631679e-01   2.9924217779049611e-01
   5.0667771783713897e-17   2.9924217779049611e-01   9.5417719477631679e-01
  -1.0000000000000000e+00  -5.0667771783713891e-17   6.8991070543764600e-17
   6.9095157915961092e-17  -9.5260305721994165e-01   3.0421606692484288e-01
   5.0467296285525799e-17   3.0421606692484288e-01   9.5260305721994165e-01
  -1.0000000000000000e+00  -5.0467296285525787e-17   6.9095157915961080e-17
   6.9199070421156865e-17  -9.5098926348831136e-01   3.0922390064475791e-01
   5.0264567413933765e-17   3.0922390064475791e-01   9.5098926348831136e-01
  -1.0000000000000000e+00  -5.0264567413933765e-17   6.9199070421156865e-17
   6.9302778179000788e-17  -9.4933519121754151e-01   3.1426532534779239e-01
   5.0059576940492011e-17   3.1426532534779239e-01   9.4933519121754151e-01
  -1.0000000000000000e+00  -5.0059576940492011e-17   6.9302778179000788e-17
   6.9406250964910882e-17  -9.4764021546075017e-01   3.1933997877106302e-01
   4.9852316822822571e-17   3.1933997877106302e-01   9.4764021546075017e-01
  -1.0000000000000000e+00  -4.9852316822822584e-17   6.9406250964910882e-17
   6.9509458209652509e-17  -9.4590370879868069e-01   3.2444748986685151e-01
   4.9642779211810868e-17   3.2444748986685151e-01   9.4590370879868069e-01
  -1.0000000000000000e+00  -4.9642779211810856e-17   6.9509458209652509e-17
   6.9612368998998106e-17  -9.4412504145293841e-01   3.2958747867825205e-01
   4.9430956458879715e-17   3.2958747867825205e-01   9.4412504145293841e-01
  -1.0000000000000000e+00  -4.9430956458879715e-17   6.9612368998998106e-17
   6.9714952073470561e-17  -9.4230358140187320e-01   3.3475955621490983e-01
   4.9216841123341667e-17   3.3475955621490983e-01   9.4230358140187320e-01
  -1.0000000000000000e+00  -4.9216841123341673e-17   6.9714952073470561e-17
   6.9817175828172923e-17  -9.4043869449913897e-01   3.3996332432889736e-01
   4.9000425979829042e-17   3.3996332432889736e-01   9.4043869449913897e-01
  -1.0000000000000000e+00  -4.9000425979829048e-17   6.9817175828172935e-17
   6.9919008312706683e-17  -9.3852974459496552e-01   3.4519837559077354e-01
   4.8781704025801355e-17   3.4519837559077354e-01   9.3852974459496552e-01
  -1.0000000000000000e+00  -4.8781704025801355e-17   6.9919008312706683e-17
   7.0020417231180992e-17  -9.3657609366017058e-01   3.5046429316587369e-01
   4.8560668489129649e-17   3.5046429316587369e-01   9.3657609366017058e-01
  -1.0000000000000000e+00  -4.8560668489129649e-17   7.0020417231180992e-17
   7.0121369942315427e-17  -9.3457710191294696e-01   3.5576065069087820e-01
   4.8337312835757244e-17   3.5576065069087820e-01   9.3457710191294696e-01
  -1.0000000000000000e+00  -4.8337312835757237e-17   7.0121369942315415e-17
   7.0221833459638642e-17  -9.3253212794845497e-01   3.6108701215070910e-01
   4.8111630777436286e-17   3.6108701215070910e-01   9.3253212794845497e-01
  -1.0000000000000000e+00  -4.8111630777436273e-17   7.0221833459638642e-17
   7.0321774451785468e-17  -9.3044052887124906e-01   3.6644293175580600e-01
   4.7883616279539479e-17   3.6644293175580600e-01   9.3044052887124906e-01
  -1.0000000000000000e+00  -4.7883616279539479e-17   7.0321774451785468e-17
   7.0421159242894820e-17  -9.2830166043057227e-01   3.7182795381983108e-01
   4.7653263568946518e-17   3.7182795381983108e-01   9.2830166043057227e-01
  -1.0000000000000000e+00  -4.7653263568946524e-17   7.0421159242894820e-17
   7.0519953813111196e-17  -9.2611487715854623e-01   3.7724161263785672e-01
   4.7420567142004356e-17   3.7724161263785672e-01   9.2611487715854623e-01
  -1.0000000000000000e+00  -4.7420567142004350e-17   7.0519953813111196e-17
   7.0618123799192079e-17  -9.2387953251128674e-01   3.8268343236508978e-01
   4.7185521772560595e-17   3.8268343236508978e-01   9.2387953251128674e-01
  -1.0000000000000000e+00  -4.7185521772560583e-17   7.0618123799192079e-17
   7.0715271912966058e-17  -9.2160359585285845e-01   3.8813246722102629e-01
   4.6949012731596308e-17   3.8813246722102629e-01   9.2160359585285845e-01
  -1.0000000000000000e+00  -4.6949012731596320e-17   7.0715271912966058e-17
   7.0811021696129018e-17  -9.1929552115499480e-01   3.9356796717259207e-01
   4.6711934133886755e-17   3.9356796717259207e-01   9.1929552115499480e-01
  -1.0000000000000000e+00  -4.6711934133886743e-17   7.0811021696129018e-17
   7.0905369809707149e-17  -9.1695538890457318e-01   3.9898974267374721e-01
   4.6474294246805613e-17   3.9898974267374721e-01   9.1695538890457318e-01
  -1.0000000000000000e+00  -4.6474294246805613e-17   7.0905369809707149e-17
   7.0998312963605397e-17  -9.1458328070637773e-01   4.0439760465704927e-01
   4.6236101357299794e-17   4.0439760465704927e-01   9.1458328070637773e-01
  -1.0000000000000000e+00  -4.6236101357299788e-17   7.0998312963605397e-17
   7.1089847916722358e-17  -9.1217927928025377e-01   4.0979136454024612e-01
   4.5997363771600425e-17   4.0979136454024612e-01   9.1217927928025377e-01
  -1.0000000000000000e+00  -4.5997363771600419e-17   7.1089847916722346e-17
   7.1179971477063145e-17  -9.0974346845822285e-01   4.1517083423285217e-01
   4.5758089814933203e-17   4.1517083423285217e-01   9.0974346845822285e-01
  -1.0000000000000000e+00  -4.5758089814933209e-17   7.1179971477063145e-17
   7.1268680501850826e-17  -9.0727593318155997e-01   4.2053582614270751e-01
   4.5518287831228098e-17   4.2053582614270751e-01   9.0727593318155997e-01
  -1.0000000000000000e+00  -4.5518287831228098e-17   7.1268680501850826e-17
   7.1355971897635957e-17  -9.0477675949783076e-01   4.2588615318251960e-01
   4.5277966182828360e-17   4.2588615318251960e-01   9.0477675949783076e-01
  -1.0000000000000000e+00  -4.5277966182828360e-17   7.1355971897635957e-17
   7.1441842620404453e-17  -9.0224603455789132e-01   4.3122162877638737e-01
   4.5037133250198905e-17   4.3122162877638737e-01   9.0224603455789132e-01
  -1.0000000000000000e+00  -4.5037133250198905e-17   7.1441842620404453e-17
   7.1526289675683754e-17  -8.9968384661284906e-01   4.3654206686630720e-01
   4.4795797431634104e-17   4.3654206686630720e-01   8.9968384661284906e-01
  -1.0000000000000000e+00  -4.4795797431634110e-17   7.1526289675683754e-17
   7.1609310118647264e-17  -8.9709028501098531e-01   4.4184728191866157e-01
   4.4553967142964899e-17   4.4184728191866157e-01   8.9709028501098531e-01
  -1.0000000000000000e+00  -4.4553967142964899e-17   7.1609310118647251e-17
   7.1690901054216985e-17  -8.9446544019463903e-01   4.4713708893068860e-01
   4.4311650817265325e-17   4.4713708893068860e-01   8.9446544019463903e-01
  -1.0000000000000000e+00  -4.4311650817265325e-17   7.1690901054216985e-17
   7.1771059637164560e-17  -8.9180940369705386e-01   4.5241130343693353e-01
   4.4068856904558436e-17   4.5241130343693353e-01   8.9180940369705386e-01
  -1.0000000000000000e+00  -4.4068856904558430e-17   7.1771059637164560e-17
   7.1849783072210428e-17  -8.8912226813918527e-01   4.5766974151568163e-01
   4.3825593871521625e-17   4.5766974151568163e-01   8.8912226813918527e-01
  -1.0000000000000000e+00  -4.3825593871521625e-17   7.1849783072210428e-17
   7.1927068614121288e-17  -8.8640412722647099e-01   4.6291221979537134e-01
   4.3581870201191412e-17   4.6291221979537134e-01   8.8640412722647099e-01
  -1.0000000000000000e+00  -4.3581870201191412e-17   7.1927068614121288e-17
   7.2002913567805910e-17  -8.8365507574556379e-01   4.6813855546098943e-01
   4.3337694392667589e-17   4.6813855546098943e-01   8.8365507574556379e-01
  -1.0000000000000000e+00  -4.3337694392667589e-17   7.2002913567805910e-17
   7.2077315288409021e-17  -8.8087520956102550e-01   4.7334856626044564e-01
   4.3093074960816837e-17   4.7334856626044564e-01   8.8087520956102550e-01
  -1.0000000000000000e+00  -4.3093074960816843e-17   7.2077315288409021e-17
   7.2150271181403589e-17  -8.7806462561198406e-01   4.7854207051092823e-01
   4.2848020435975832e-17   4.7854207051092823e-01   8.7806462561198406e-01
  -1.0000000000000000e+00  -4.2848020435975826e-17   7.2150271181403589e-17
   7.2221778702681343e-17  -8.7522342190875368e-01   4.8371888710523975e-01
   4.2602539363653755e-17   4.8371888710523975e-01   8.7522342190875368e-01
  -1.0000000000000000e+00  -4.2602539363653755e-17   7.2221778702681343e-17
   7.2291835358641376e-17  -8.7235169752941633e-01   4.8887883551811256e-01
   4.2356640304234279e-17   4.8887883551811256e-01   8.7235169752941633e-01
  -1.0000000000000000e+00  -4.2356640304234279e-17   7.2291835358641376e-17
   7.2360438706277188e-17  -8.6944955261636692e-01   4.9402173581250397e-01
   4.2110331832677074e-17   4.9402173581250397e-01   8.6944955261636692e-01
  -1.0000000000000000e+00  -4.2110331832677074e-17   7.2360438706277188e-17
   7.2427586353261872e-17  -8.6651708837282138e-01   4.9914740864587098e-01
   4.1863622538218781e-17   4.9914740864587098e-01   8.6651708837282138e-01
  -1.0000000000000000e+00  -4.1863622538218781e-17   7.2427586353261872e-17
   7.2493275958031508e-17  -8.6355440705928732e-01   5.0425567527642434e-01
   4.1616521024073494e-17   5.0425567527642434e-01   8.6355440705928732e-01
  -1.0000000000000000e+00  -4.1616521024073500e-17   7.2493275958031508e-17
   7.2557505229866828e-17  -8.6056161198999792e-01   5.0934635756936186e-01
   4.1369035907132709e-17   5.0934635756936186e-01   8.6056161198999792e-01
  -1.0000000000000000e+00  -4.1369035907132715e-17   7.2557505229866828e-17
   7.2620271928973109e-17  -8.5753880752930955e-01   5.1441927800307963e-01
   4.1121175817664911e-17   5.1441927800307963e-01   8.5753880752930955e-01
  -1.0000000000000000e+00  -4.1121175817664911e-17   7.2620271928973109e-17
   7.2681573866558271e-17  -8.5448609908806183e-01   5.1947425967536343e-01
   4.0872949399014539e-17   5.1947425967536343e-01   8.5448609908806183e-01
  -1.0000000000000000e+00  -4.0872949399014533e-17   7.2681573866558271e-17
   7.2741408904909225e-17  -8.5140359311990232e-01   5.2451112630955676e-01
   4.0624365307300628e-17   5.2451112630955676e-01   8.5140359311990232e-01
  -1.0000000000000000e+00  -4.0624365307300634e-17   7.2741408904909225e-17
   7.2799774957466356e-17  -8.4829139711757373e-01   5.2952970226070872e-01
   4.0375432211114957e-17   5.2952970226070872e-01   8.4829139711757373e-01
  -1.0000000000000000e+00  -4.0375432211114963e-17   7.2799774957466356e-17
   7.2856669988896361e-17  -8.4514961960916613e-01   5.3452981252169829e-01
   4.0126158791219726e-17   5.3452981252169829e-01   8.4514961960916613e-01
  -1.0000000000000000e+00  -4.0126158791219732e-17   7.2856669988896361e-17
   7.2912092015163170e-17  -8.4197837015433152e-01   5.3951128272933779e-01
   3.9876553740244858e-17   5.3951128272933779e-01   8.4197837015433152e-01
  -1.0000000000000000e+00  -3.9876553740244858e-17   7.2912092015163170e-17
   7.2966039103597192e-17  -8.3877775934046406e-01   5.4447393917045328e-01
   3.9626625762384878e-17   5.4447393917045328e-01   8.3877775934046406e-01
  -1.0000000000000000e+00  -3.9626625762384878e-17   7.2966039103597192e-17
   7.3018509372962642e-17  -8.3554789877884339e-01   5.4941760878794155e-01
   3.9376383573095374e-17   5.4941760878794155e-01   8.3554789877884339e-01
  -1.0000000000000000e+00  -3.9376383573095374e-17   7.3018509372962642e-17
   7.3069500993523189e-17  -8.3228890110074227e-01   5.5434211918680576e-01
   3.9125835898789072e-17   5.5434211918680576e-01   8.3228890110074227e-01
  -1.0000000000000000e+00  -3.9125835898789078e-17   7.3069500993523189e-17
   7.3119012187105728e-17  -8.2900087995349947e-01   5.5924729864016642e-01
   3.8874991476531546e-17   5.5924729864016642e-01   8.2900087995349947e-01
  -1.0000000000000000e+00  -3.8874991476531552e-17   7.3119012187105740e-17
   7.3167041227162456e-17  -8.2568394999655581e-01   5.6413297609525104e-01
   3.8623859053736477e-17   5.6413297609525104e-01   8.2568394999655581e-01
  -1.0000000000000000e+00  -3.8623859053736484e-17   7.3167041227162456e-17
   7.3213586438830972e-17  -8.2233822689745717e-01   5.6899898117935699e-01
   3.8372447387860734e-17   5.6899898117935699e-01   8.2233822689745717e-01
  -1.0000000000000000e+00  -3.8372447387860740e-17   7.3213586438830972e-17
   7.3258646198992775e-17  -8.1896382732781914e-01   5.7384514420579535e-01
   3.8120765246098849e-17   5.7384514420579535e-01   8.1896382732781914e-01
  -1.0000000000000000e+00  -3.8120765246098843e-17   7.3258646198992775e-17
   7.3302218936329856e-17  -8.1556086895926028e-01   5.7867129617980562e-01
   3.7868821405077410e-17   5.7867129617980562e-01   8.1556086895926028e-01
  -1.0000000000000000e+00  -3.7868821405077410e-17   7.3302218936329856e-17
   7.3344303131379433e-17  -8.1212947045929706e-01   5.8347726880445117e-01
   3.7616624650548885e-17   5.8347726880445117e-01   8.1212947045929706e-01
  -1.0000000000000000e+00  -3.7616624650548885e-17   7.3344303131379433e-17
   7.3384897316586982e-17  -8.0866975148720732e-01   5.8826289448648583e-01
   3.7364183777085382e-17   5.8826289448648583e-01   8.0866975148720732e-01
  -1.0000000000000000e+00  -3.7364183777085382e-17   7.3384897316586982e-17
   7.3424000076357422e-17  -8.0518183268985577e-01   5.9302800634220065e-01
